1638628929741 0.1463110359691032 1
1638628959425 0.1627680060838717 2
1638628990158 0.16718646899450734 3
1638629021196 0.16942405330735597 4
1638629048573 0.17059826240046747 5
1638629077671 0.17523381081312964 6
1638629108481 0.1734667693116373 7
1638629140324 0.17418761914445402 8
1638629166963 0.17525328549515568 9
1638629193206 0.17592115273514192 10
1638629219252 0.17485376801040653 11
1638629245078 0.1738267646409898 12
1638629271197 0.17397139283374605 13
1638629295728 0.17640801990624114 14
1638629321135 0.1761751828444197 15
1638629347661 0.17443907172279324 16
1638629369652 0.17153476576125098 17
1638629390955 0.17422370459480044 18
1638629412372 0.17492593891109937 19
1638629437026 0.1740971191272174 20
1638629462847 0.1744035590637914 21
1638629488604 0.17442246096307631 22
1638629514318 0.1745487600392888 23
1638629540037 0.16967579227706578 24
1638629565782 0.17108312484057617 25
1638629591698 0.17362772188134337 26
1638629617256 0.1747463708420824 27
1638629643096 0.17474665723345295 28
1638629669099 0.17028924493295491 29
1638629695280 0.1709949159629075 30
1638629721512 0.17175271042018234 31
1638629747131 0.17083195865360748 32
1638629772881 0.1696050533418292 33
1638629798782 0.170742031419112 34
1638629824641 0.17036399338179317 35
1638629850381 0.17328576927716408 36
1638629875888 0.1708305266881512 37
1638629901679 0.1710304286305128 38
1638629927383 0.1656717392540694 39
1638629953032 0.1679620197855848 40
1638629978924 0.16982127965253715 41
1638630005682 0.16671821731411557 42
1638630033049 0.16888363072627136 43
1638630057126 0.165492171176449 44
1638630080377 0.16756651178862703 45
1638630103105 0.16940572419081218 46
1638630125901 0.17072227033711196 47
1638630148589 0.16969383500223897 48
1638630171357 0.1700203224121836 49
1638630194278 0.1702173604322361 50
