1638628929736 3.3724972331196743 1
1638628959422 3.241334666061188 2
1638628990154 3.228713285492179 3
1638629021192 3.2209535303341776 4
1638629048568 3.223978230311517 5
1638629077667 3.2139465176073845 6
1638629108477 3.2140306918840413 7
1638629140320 3.204428251123935 8
1638629166959 3.2004638465207997 9
1638629193202 3.1920739338553403 10
1638629219246 3.200033994483545 11
1638629245074 3.1990533259168625 12
1638629271193 3.1873154439906015 13
1638629295725 3.193816543165303 14
1638629321132 3.1929262072612024 15
1638629347657 3.2028712192682214 16
1638629369649 3.20196931299733 17
1638629390952 3.1954778229693632 18
1638629412369 3.2033492239646537 19
1638629437022 3.208116826806687 20
1638629462836 3.200660044539141 21
1638629488600 3.1922990594038323 22
1638629514314 3.206905773497625 23
1638629540033 3.2090773613689554 24
1638629565778 3.2105705999014726 25
1638629591694 3.1926852306477262 26
1638629617253 3.1978458741724585 27
1638629643092 3.195572925771567 28
1638629669095 3.205567111263155 29
1638629695275 3.200708138896044 30
1638629721508 3.2179327680554284 31
1638629747127 3.1993160927529916 32
1638629772877 3.2121938553728504 33
1638629798778 3.206364601953215 34
1638629824637 3.2037281811268525 35
1638629850376 3.1966678877905648 36
1638629875884 3.2045466694245857 37
1638629901674 3.2075353676888687 38
1638629927378 3.224494294000223 39
1638629953026 3.2080972041742695 40
1638629978920 3.2080180531980766 41
1638630005678 3.2107691956347613 42
1638630033045 3.2059899549436244 43
1638630057122 3.206971537384384 44
1638630080374 3.2179499911403324 45
1638630103102 3.2115004346227147 46
1638630125897 3.2060409730781134 47
1638630148585 3.206182727646295 48
1638630171353 3.218527149883531 49
1638630194274 3.2026638281164046 50
