1638696068405 0.23809523809523808 0
1638696128385 0.3492063492063492 1
1638696188225 0.38095238095238093 2
1638696248091 0.36507936507936506 3
1638696307984 0.4126984126984127 4
1638696367861 0.4444444444444444 5
1638696427728 0.5079365079365079 6
1638696491977 0.47619047619047616 7
1638696563141 0.49206349206349204 8
1638696634492 0.5079365079365079 9
1638696705975 0.47619047619047616 10
1638696777900 0.5079365079365079 11
1638696849722 0.47619047619047616 12
1638696921735 0.5238095238095238 13
1638696993298 0.5396825396825397 14
1638697064736 0.5238095238095238 15
1638697135867 0.5714285714285714 16
1638697206505 0.5714285714285714 17
1638697276898 0.5396825396825397 18
1638697346785 0.6666666666666666 19
1638697416282 0.5238095238095238 20
1638697485299 0.6825396825396826 21
1638697554421 0.5714285714285714 22
1638697622915 0.6349206349206349 23
1638697690947 0.6984126984126984 24
1638697758513 0.6666666666666666 25
1638697825921 0.6984126984126984 26
