1638696068414 60.142215728759766 0
1638696128394 59.63009023666382 1
1638696188233 59.53982663154602 2
1638696248100 59.53335475921631 3
1638696307994 59.56874871253967 4
1638696367870 59.56575655937195 5
1638696427737 59.529868841171265 6
1638696491986 63.91812181472778 7
1638696563149 70.87951111793518 8
1638696634501 71.0575442314148 9
1638696705982 71.17571902275085 10
1638696777909 71.57764482498169 11
1638696849731 71.54125046730042 12
1638696921744 71.67120146751404 13
1638696993307 71.28043937683105 14
1638697064747 71.10291337966919 15
1638697135876 70.81718492507935 16
1638697206514 70.35690903663635 17
1638697276909 70.10209560394287 18
1638697346796 69.57799100875854 19
1638697416299 69.20897698402405 20
1638697485308 68.7108142375946 21
1638697554430 68.73623871803284 22
1638697622924 68.20822954177856 23
1638697690956 67.7399206161499 24
1638697758522 67.28811264038086 25
1638697825930 67.07767391204834 26
