1638696068411 0.0010723860589812334 0
1638696128391 0.0007323324789454413 1
1638696188231 0.0005560189046427579 2
1638696248097 0.0004481290611696168 3
1638696307990 0.0003753049352598987 4
1638696367867 0.00032284100080710247 5
1638696427734 0.000283245999150262 6
1638696491983 0.00025230225810521004 7
1638696563146 0.00022745365631752533 8
1638696634498 0.00020706077233668082 9
1638696705980 0.00019002375296912113 10
1638696777906 0.00017557721007813184 11
1638696849728 0.00016317206494248184 12
1638696921741 0.00015240417587441895 13
1638696993304 0.00014296947601687038 14
1638697064742 0.0001346348030966005 15
1638697135873 0.00012721837033267605 16
1638697206511 0.00012057635497678906 17
1638697276906 0.000114593479631009 18
1638697346793 0.00010917626507997162 19
1638697416296 0.00010424811050299714 20
1638697485305 9.974564859607999e-05 21
1638697554427 9.56160061194244e-05 22
1638697622922 9.181471789927926e-05 23
1638697690953 8.830411938716941e-05 24
1638697758519 8.50520944078248e-05 25
1638697825927 8.203108978302777e-05 26
