1638696068408 2.9063718894664725 0
1638696128388 2.5041997155822164 1
1638696188228 2.4144838517884297 2
1638696248095 2.2765756864848585 3
1638696307987 2.0621568075422663 4
1638696367864 2.0033767431480762 5
1638696427731 2.023777616792439 6
1638696491981 1.753426175320707 7
1638696563144 1.6982008000547226 8
1638696634495 1.8039207750706658 9
1638696705977 1.6295620064106542 10
1638696777903 1.6314952480484333 11
1638696849726 1.7585195892904126 12
1638696921738 1.4556098435788551 13
1638696993301 1.552400932949752 14
1638697064739 1.4918494656718222 15
1638697135871 1.3768058084715311 16
1638697206508 1.2054932279454715 17
1638697276902 1.2915452091424362 18
1638697346791 1.1537576685807702 19
1638697416285 1.3266969670110298 20
1638697485302 1.115088898988256 21
1638697554425 1.0588776033847913 22
1638697622919 1.0821913513572265 23
1638697690950 0.9423197459149945 24
1638697758516 0.8176800732536897 25
1638697825924 0.9636638613708457 26
