1638636137232 0.10878102203474034 1
1638636160317 0.10383645615886733 2
1638636183180 0.09284929570679576 3
1638636205882 0.0885001397616387 4
1638636228732 0.08929487884767337 5
1638636251530 0.0882844862379736 6
1638636274314 0.08866281067956816 7
1638636297147 0.08792363173450939 8
1638636319953 0.08844601158611906 9
1638636343031 0.08801384536037545 10
1638636365827 0.08779733265829692 11
1638636388638 0.08864677270689407 12
1638636411509 0.08884466990105824 13
1638636434295 0.08781480259642728 14
1638636457117 0.08823121724516911 15
1638636480092 0.08844772994724763 16
1638636502911 0.08869918252558687 17
1638636525720 0.08947530609940546 18
1638636548585 0.08911359241752784 19
1638636571460 0.08756277723104519 20
1638636594272 0.08911502437868239 21
1638636617174 0.08855484072420118 22
1638636639908 0.0887544562751922 23
1638636662795 0.08873612715004497 24
1638636685615 0.08828477262934416 25
1638636708306 0.08835665713866643 26
1638636731197 0.08893402434420916 27
1638636754007 0.089312635181476 28
1638636776947 0.08789012381510151 29
1638636799897 0.08882605438454047 30
1638636822718 0.08896982340318502 31
1638636845453 0.08801470454309059 32
1638636868353 0.08963740423459379 33
1638636891160 0.08924160985486887 34
1638636914174 0.08823121724516911 35
1638636937041 0.08904285347798956 36
1638636959914 0.08754588007995769 37
1638636982997 0.08924017788511088 38
1638637005706 0.08848324260624947 39
1638637028365 0.08842997361344498 40
1638637051289 0.08916857977146089 41
1638637074149 0.08804935802367901 42
1638637097153 0.089655446959767 43
1638637120098 0.08823121724516911 44
1638637142900 0.08877078063923685 45
1638637165892 0.08770883738925771 46
1638637188758 0.0892241399124368 47
1638637211934 0.08860954168246195 48
1638637235724 0.08927597694408673 49
1638637259162 0.08882605438454047 50
