1638636137229 3.7253321356722013 1
1638636160314 3.59356952012537 2
1638636183176 3.5195779515033725 3
1638636205878 3.5048711379350457 4
1638636228729 3.504902330314795 5
1638636251526 3.504644333046148 6
1638636274311 3.50424051865963 7
1638636297144 3.509011824253226 8
1638636319950 3.509213043124308 9
1638636343027 3.5214201014326205 10
1638636365823 3.523088193534697 11
1638636388635 3.5303879436418377 12
1638636411505 3.523060094642787 13
1638636434291 3.516914373956407 14
1638636457114 3.516905826635505 15
1638636480089 3.5100756930790435 16
1638636502907 3.516341348764082 17
1638636525717 3.5133217596159008 18
1638636548582 3.512475500976119 19
1638636571457 3.511412058716642 20
1638636594268 3.508422083459168 21
1638636617171 3.5120346370272553 22
1638636639904 3.517400324887737 23
1638636662792 3.5055354407703345 24
1638636685611 3.5118289478820213 25
1638636708303 3.518083820231515 26
1638636731193 3.5135206769946645 27
1638636754003 3.5086082355820767 28
1638636776944 3.516386472264516 29
1638636799893 3.5091161375372883 30
1638636822715 3.5092220215370427 31
1638636845449 3.5066623343041026 32
1638636868349 3.5070049138922026 33
1638636891156 3.510920142933 34
1638636914170 3.514781284265167 35
1638636937037 3.51325454321827 36
1638636959909 3.5083660857692043 37
1638636982992 3.5142196758912365 38
1638637005702 3.5098292875098056 39
1638637028361 3.5184344453959455 40
1638637051285 3.5157738668047966 41
1638637074146 3.5083808137851586 42
1638637097150 3.514398049940854 43
1638637120095 3.5117536908078084 44
1638637142897 3.513751644807116 45
1638637165886 3.515303655478851 46
1638637188754 3.507987519640491 47
1638637211930 3.511385746740214 48
1638637235720 3.51317601595124 49
1638637259158 3.503560976109454 50
