1638472102105 0.39642166230030834 0
1638472128363 0.5102956600616433 0
1638472154721 0.5604593977073713 0
1638472181048 0.5972269485451582 0
1638472207263 0.6183205528755409 0
1638472233748 0.641456507533961 0
1638472260103 0.6602292326833471 0
1638472286348 0.6732169494463529 0
1638472312636 0.6843610153032865 0
1638472339292 0.6969693968061766 0
1638472365454 0.7083686835503992 0
1638472391369 0.7175088569608038 0
1638472417316 0.7248991935239362 0
1638472443320 0.7352711868423947 0
1638472469149 0.7390488066425214 0
1638472495058 0.7459455994512304 0
1638472521166 0.7519765056626645 0
1638472547147 0.7580132388655161 0
1638472573174 0.7605602041834352 0
1638472599089 0.766496130910223 0
1638472624982 0.7695943268737352 0
1638472651053 0.7732623997451253 0
1638472677004 0.7771029507493697 0
1638472703045 0.7784419867344674 0
1638472728671 0.7855025172233582 0
1638472754337 0.7867296755658408 0
1638472780223 0.7868741842363611 0
1638472807448 0.7882709071126287 0
1638472836171 0.7932698582638206 0
1638472862102 0.7951653692074594 0
1638472887772 0.7971366306260831 0
1638472913482 0.7993438839912415 0
1638472939271 0.8020318618399559 0
1638472964913 0.8032625163221635 0
1638472990499 0.80387900895466 0
1638473016211 0.8085382481530912 0
1638473041918 0.8093318804840132 0
1638473067747 0.8107047128539554 0
1638473093717 0.8110502517292265 0
1638473119483 0.811047920946441 0
1638473145196 0.8118234896246408 0
1638473170919 0.8145918795139114 0
1638473196698 0.8186130663563062 0
1638473222295 0.8184493287450316 0
1638473248037 0.8189248088467328 0
1638473273716 0.818580435397308 0
1638473299446 0.8216320156362016 0
1638473325192 0.8215236341333114 0
1638473350835 0.8222158773096999 0
1638473376506 0.8260575936708836 0
1638473402141 0.8225882202214588 0
1638473428103 0.8238742308120507 0
1638473453966 0.8260406955129149 0
1638473479622 0.8290922757518084 0
1638473505283 0.8287187674831104 0
1638473530955 0.8257505127460282 0
1638473556789 0.8304132481530911 0
1638473582338 0.8308322067894688 0
1638473607998 0.8298882388655161 0
1638473633660 0.8309382575095734 0
1638473659411 0.8316934318211726 0
1638473685179 0.8303205994512305 0
1638473710786 0.8344221984030883 0
1638473736518 0.8312814656020588 0
1638473762281 0.8338295962769172 0
1638473788013 0.8326473056236443 0
1638473813720 0.8345871014402092 0
1638473839404 0.8337357822181173 0
1638473865043 0.8344076309589982 0
1638473890687 0.8373688933477237 0
1638473916358 0.8359779973939664 0
1638473942072 0.8364837777407872 0
1638473967747 0.8395487599979247 0
1638473993401 0.8380022841381889 0
1638474019205 0.8389549925148142 0
1638474044875 0.8404915625649381 0
1638474070492 0.83868870032316 0
1638474096184 0.8383454922306744 0
1638474121851 0.8402963592826975 0
1638474147598 0.8398255407465676 0
1638474173287 0.840433875604861 0
1638474198931 0.8398797314980126 0
1638474224584 0.8404542699714617 0
1638474250231 0.841069597247019 0
1638474275939 0.8418474967080044 0
1638474301666 0.8424447603997468 0
1638474327351 0.8385476878612717 0
1638474353013 0.842409798589056 0
1638474378695 0.8442342205543738 0
1638474404412 0.8432226598607322 0
1638474430127 0.843871783521134 0
1638474455784 0.8430058968549519 0
1638474481413 0.8451915904965704 0
1638474507367 0.8463429982951611 0
1638474533133 0.8441573046535426 0
1638474558914 0.8454229209464409 0
1638474584511 0.8463622273048225 0
1638474610100 0.8444655510042444 0
1638474635957 0.8461646932397964 0
1638474661664 0.8478253775938398 0
