1638472102099 2.1639331468481866 0
1638472128357 1.6852689507377032 0
1638472154715 1.4827556751128044 0
1638472181043 1.3455453525319614 0
1638472207258 1.2518474884099737 0
1638472233742 1.1728801210614321 0
1638472260097 1.1055531520730775 0
1638472286342 1.0514969396294278 0
1638472312630 1.0063179715597117 0
1638472339287 0.968173889220779 0
1638472365448 0.9232933486107168 0
1638472391363 0.8896761309747843 0
1638472417310 0.8671711402115468 0
1638472443314 0.8358061662819483 0
1638472469143 0.8183753955201983 0
1638472495051 0.7940237323328181 0
1638472521160 0.775889165243912 0
1638472547142 0.7580030399046941 0
1638472573168 0.7441654731138504 0
1638472599084 0.730810199694077 0
1638472624969 0.7124119830439212 0
1638472651047 0.7061169917545932 0
1638472676998 0.6940678610008275 0
1638472703039 0.6888883649588626 0
1638472728665 0.6650535118005224 0
1638472754331 0.6590176167244539 0
1638472780217 0.6526060696355085 0
1638472807442 0.6488475379741399 0
1638472836165 0.6381053767768022 0
1638472862096 0.6274737379781781 0
1638472887766 0.6236494827990585 0
1638472913477 0.6157276521269532 0
1638472939265 0.6071922608490313 0
1638472964907 0.6050293180082709 0
1638472990493 0.6024898942248545 0
1638473016205 0.587499837187651 0
1638473041912 0.5881491026800014 0
1638473067741 0.5831082995393774 0
1638473093711 0.5811668877510957 0
1638473119477 0.5795362634329758 0
1638473145190 0.5726616325339549 0
1638473170913 0.5651698772408288 0
1638473196692 0.560825513603393 0
1638473222290 0.5598965827794794 0
1638473248031 0.5526998458408591 0
1638473273710 0.5558889539613422 0
1638473299440 0.5475276493495282 0
1638473325186 0.5425497740181238 0
1638473350829 0.5469922012824658 0
1638473376500 0.5437471128237044 0
1638473402135 0.5446358163352859 0
1638473428097 0.5397274520129064 0
1638473453960 0.5324623931675284 0
1638473479616 0.5351106614197092 0
1638473505277 0.5278264261370231 0
1638473530949 0.5334995672954321 0
1638473556782 0.5195854195505275 0
1638473582332 0.5219786438903042 0
1638473607992 0.5199707226981023 0
1638473633654 0.5198075895368528 0
1638473659406 0.5127723302409313 0
1638473685173 0.525609320745055 0
1638473710780 0.5082006603611356 0
1638473736512 0.5218204751489288 0
1638473762275 0.5081229724776 0
1638473788007 0.5107314862561497 0
1638473813714 0.5063173370293931 0
1638473839398 0.5091427742130277 0
1638473865037 0.5078985121353704 0
1638473890681 0.5019242678761475 0
1638473916352 0.5067217102675969 0
1638473942066 0.49924918319026385 0
1638473967741 0.49193923855201926 0
1638473993395 0.4959744197031198 0
1638474019199 0.49446667371119485 0
1638474044869 0.4872587712304433 0
1638474070486 0.4954526747602664 0
1638474096177 0.4960487420298391 0
1638474121845 0.48560656988170653 0
1638474147592 0.4892682453414211 0
1638474173281 0.48918783497719437 0
1638474198925 0.4905070450827489 0
1638474224578 0.49071311028555237 0
1638474250225 0.4891048704386124 0
1638474275933 0.4877649785598531 0
1638474301659 0.48377235245445666 0
1638474327345 0.4959620723723482 0
1638474353007 0.4772927306375251 0
1638474378690 0.48106274043925273 0
1638474404406 0.48348725235561085 0
1638474430120 0.47902712148832066 0
1638474455778 0.48354814308422717 0
1638474481407 0.47537467922945803 0
1638474507361 0.4697031868628406 0
1638474533127 0.4800966033396544 0
1638474558908 0.4726792318497285 0
1638474584505 0.47070149010988993 0
1638474610094 0.47222815068192514 0
1638474635950 0.47487394331222366 0
1638474661658 0.4696537816175671 0
