1638639634860 0.11230135819171372 1
1638639658003 0.11212035815724049 2
1638639681290 0.1024485982816847 3
1638639704379 0.09617001632138157 4
1638639727652 0.09452726914790431 5
1638639751011 0.09295812484057615 6
1638639774293 0.09151499322669335 7
1638639797505 0.09221837310847454 8
1638639820842 0.0896563061338787 9
1638639844014 0.09147976695045863 10
1638639867444 0.09014231414377138 11
1638639890689 0.09151384765260764 12
1638639913863 0.09270581308812523 13
1638639937470 0.0910272668556721 14
1638639960690 0.08960074599720452 15
1638639983899 0.08806825992726564 16
1638640006974 0.09108139503119174 17
1638640030042 0.09286762482333955 18
1638640053182 0.09039519869186861 19
1638640076344 0.09118879220381758 20
1638640099473 0.09133342040087554 21
1638640122687 0.09207374491571829 22
1638640145773 0.0909548095636087 23
1638640168847 0.09115327954051401 24
1638640192398 0.09135232230016045 25
1638640215463 0.0903236005739169 26
1638640238509 0.09062889493855607 27
1638640261730 0.0902511432818535 28
1638640284895 0.09207374491571829 29
1638640308051 0.09164100590293181 30
1638640331108 0.093679547456134 31
1638640354219 0.09183947587983712 32
1638640377391 0.09077466870324716 33
1638640400504 0.09057648511771242 34
1638640423572 0.09007100242149196 35
1638640446667 0.08931292157284658 36
1638640469790 0.09162239039501748 37
1638640493263 0.08987167326617324 38
1638640516861 0.08976456248491796 39
1638640540026 0.09200186040639602 40
1638640563158 0.09082851048739622 41
1638640586235 0.091496091318805 42
1638640609259 0.09046736959256146 43
1638640632368 0.09133342040087554 44
1638640655471 0.09261474027954403 45
1638640678596 0.08875388348384762 46
1638640701830 0.09073829686153018 47
1638640724809 0.09232634306814323 48
1638640747936 0.09247097126089948 49
1638640771216 0.0931915346980439 50
