1638639634856 3.677836401895359 1
1638639657999 3.5683613123493756 2
1638639681286 3.506692311085929 3
1638639704375 3.5103404655857124 4
1638639727648 3.5133407364107034 5
1638639751007 3.528739021949912 6
1638639774289 3.5340401619947555 7
1638639797500 3.5355427311282517 8
1638639820839 3.5289896502893243 9
1638639844010 3.5488206808064984 10
1638639867439 3.537140926919767 11
1638639890685 3.5372034609860883 12
1638639913858 3.5365580381250235 13
1638639937467 3.5318056028653206 14
1638639960686 3.5331293238996073 15
1638639983895 3.5378943251601593 16
1638640006970 3.5339534519498335 17
1638640030039 3.5385145309643646 18
1638640053178 3.53677947225289 19
1638640076340 3.530171034201573 20
1638640099463 3.5324911554237883 21
1638640122683 3.5483145719699616 22
1638640145769 3.532603074063932 23
1638640168843 3.5346707325393973 24
1638640192394 3.5342820548569005 25
1638640215459 3.5320546424343933 26
1638640238505 3.5445989534481193 27
1638640261727 3.529757619112751 28
1638640284891 3.537429680262551 29
1638640308048 3.538153677254438 30
1638640331103 3.5356150765129324 31
1638640354215 3.5326393933357547 32
1638640377388 3.5308165053460243 33
1638640400500 3.539057972808752 34
1638640423568 3.533063372802879 35
1638640446663 3.531837595689323 36
1638640469787 3.5395283055744695 37
1638640493259 3.5314512535607854 38
1638640516858 3.530431795160676 39
1638640540022 3.537386475673984 40
1638640563154 3.5355885364981647 41
1638640586231 3.5353529171982983 42
1638640609254 3.532145608274397 43
1638640632364 3.5358623388928896 44
1638640655467 3.5471039400349698 45
1638640678593 3.538681445229224 46
1638640701826 3.528551170466027 47
1638640724805 3.53808417450682 48
1638640747933 3.5397773967909347 49
1638640771212 3.5318498882807647 50
