1638506092448 0.11974699328400495 0
1638506120895 0.13938560506511974 0
1638506149453 0.13262749393551335 0
1638506177867 0.12473254241695293 0
1638506206442 0.11740338895362236 0
1638506234931 0.10571042326833471 0
1638506263328 0.09727472962671621 0
1638506291668 0.09104512399331682 0
1638506320173 0.09086565354655933 0
1638506348590 0.09021186835503991 0
1638506377021 0.08871608707257089 0
1638506405272 0.08968569364161849 0
1638506433749 0.08911115513371594 0
1638506462129 0.0898855584549766 0
1638506490646 0.0893279181394963 0
1638506519048 0.08979757131868704 0
1638506547477 0.08882213779267548 0
1638506575903 0.089675787797553 0
1638506604419 0.08958430448708507 0
1638506633016 0.08925682919562897 0
1638506661370 0.08952545217006881 0
1638506689681 0.09000093230622352 0
1638506718333 0.08856691683647949 0
1638506746792 0.08921837124521333 0
1638506775378 0.08931218533846684 0
1638506803709 0.08898121387283237 0
1638506832311 0.08882446857546106 0
1638506862013 0.08875104884880816 0
1638506890805 0.0893797781081558 0
1638506919546 0.0895808083129067 0
1638506947887 0.08835131922209194 0
1638506976381 0.08920380383557668 0
1638507004759 0.08959537572254335 0
1638507033222 0.08847776430879714 0
1638507061726 0.0885138914764272 0
1638507090080 0.08954468114527664 0
1638507118448 0.0892003076613983 0
1638507146914 0.08927489277944399 0
1638507175312 0.08956157933769887 0
1638507203752 0.08985292746152491 0
1638507232018 0.08855234942684284 0
1638507260416 0.08961693548053676 0
1638507288761 0.0894543632262015 0
1638507317364 0.08865956553834022 0
1638507345736 0.0892218674193917 0
1638507374051 0.08961810087192955 0
1638507402369 0.08997704176544453 0
1638507430769 0.08941707066717865 0
1638507459292 0.0871940844665373 0
1638507487629 0.08869452731457748 0
1638507516016 0.08923876561181393 0
1638507544431 0.090034728691068 0
1638507572964 0.08856924761926507 0
1638507601406 0.08912805332613818 0
1638507629846 0.08967112623198184 0
1638507658145 0.08835131922209194 0
1638507686552 0.08908959537572254 0
1638507714979 0.08925449841284339 0
1638507743439 0.08939900708336361 0
1638507771745 0.08919914227000551 0
1638507800214 0.08858731120308011 0
1638507828617 0.089506223194861 0
1638507857138 0.08945552861759429 0
1638507885729 0.08961810087192955 0
1638507914254 0.08928829479768786 0
1638507942747 0.08938327428233417 0
1638507971153 0.08804540368862925 0
1638507999591 0.08917991329479769 0
1638508027962 0.08928946018908065 0
1638508056441 0.08978067312626481 0
1638508084816 0.08849582789261216 0
1638508113301 0.08947242681001652 0
1638508141773 0.08809842904868154 0
1638508170236 0.08921720585382054 0
1638508198613 0.08949165578522435 0
1638508227043 0.08963499906435178 0
1638508255664 0.08860420939550234 0
1638508284193 0.08930985455568126 0
1638508312496 0.089147282301346 0
1638508340946 0.08874988345741537 0
1638508369387 0.08965306264816682 0
1638508397852 0.08938560506511975 0
1638508426351 0.08950855397764658 0
1638508454678 0.08921837124521333 0
1638508483162 0.08943396885960088 0
1638508511576 0.08807920007347371 0
1638508540178 0.08956274472909166 0
1638508568677 0.08934714711470411 0
1638508597050 0.08936521069851915 0
1638508625421 0.0888943921279356 0
1638508653905 0.0890423969726342 0
1638508682307 0.08965073186538124 0
1638508710837 0.08918224407758327 0
1638508739219 0.08941707066717865 0
1638508767682 0.08986866026255437 0
1638508796190 0.0894543632262015 0
1638508824699 0.08941940144996423 0
1638508854025 0.08965189725677403 0
1638508882453 0.08914611690995321 0
1638508910891 0.08883787059370493 0
