1638506092442 3.633878837685045 0
1638506120889 3.4757408066238202 0
1638506149448 3.47510396926388 0
1638506177862 3.494554995762213 0
1638506206437 3.5241738812988546 0
1638506234925 3.5215009836225204 0
1638506263322 3.5173630487404544 0
1638506291662 3.5011573800561977 0
1638506320167 3.499703182550928 0
1638506348584 3.501938320536507 0
1638506377015 3.5005861613394815 0
1638506405266 3.506372471962504 0
1638506433743 3.508263731583696 0
1638506462124 3.5117210965874737 0
1638506490640 3.5177588432061455 0
1638506519042 3.5241759812068922 0
1638506547472 3.526257467857681 0
1638506575897 3.515282584324352 0
1638506604413 3.529918815897997 0
1638506633010 3.5182190262317046 0
1638506661357 3.5159206595157024 0
1638506689675 3.5169066918532534 0
1638506718327 3.5140306418412663 0
1638506746786 3.5132041487220715 0
1638506775369 3.508830448413638 0
1638506803703 3.514340110828934 0
1638506832305 3.5110357136979506 0
1638506862005 3.521252971241307 0
1638506890799 3.515084541171252 0
1638506919540 3.5201694094977665 0
1638506947881 3.5102441012379937 0
1638506976375 3.518420759096214 0
1638507004753 3.514753912548694 0
1638507033216 3.5103613498345485 0
1638507061720 3.512607815867789 0
1638507090075 3.506486443937884 0
1638507118441 3.512594065893814 0
1638507146908 3.519591223039337 0
1638507175306 3.504865591350257 0
1638507203747 3.5074144337944198 0
1638507232012 3.5171369112369404 0
1638507260410 3.516337906340192 0
1638507288755 3.5062709514035584 0
1638507317358 3.5070115976142113 0
1638507345730 3.512738732226204 0
1638507374045 3.5080462770032663 0
1638507402364 3.5070421921988615 0
1638507430763 3.5156143465501826 0
1638507459286 3.5124606602553086 0
1638507487624 3.5138815651896254 0
1638507516009 3.5091062811537217 0
1638507544425 3.5044562157475045 0
1638507572958 3.512064907343838 0
1638507601401 3.504880833285793 0
1638507629840 3.5090095927175913 0
1638507658139 3.506851985728758 0
1638507686546 3.5149536420455787 0
1638507714973 3.5116456757849757 0
1638507743433 3.504600003572048 0
1638507771739 3.5075162930743438 0
1638507800208 3.5074407458596233 0
1638507828611 3.5102664822084364 0
1638507857132 3.509227437070835 0
1638507885723 3.514835245353701 0
1638507914247 3.5169216371477616 0
1638507942741 3.5129913227810703 0
1638507971147 3.5133990224167424 0
1638507999585 3.500864501824847 0
1638508027956 3.5128523079993497 0
1638508056435 3.5094179950302626 0
1638508084810 3.512472609711583 0
1638508113295 3.5079267629238715 0
1638508141768 3.5050927709283024 0
1638508170230 3.513331600773683 0
1638508198607 3.5090464145919578 0
1638508227037 3.507867054843863 0
1638508255658 3.5157392498150943 0
1638508284186 3.514610047502163 0
1638508312490 3.5107124937279406 0
1638508340939 3.5134701195765 0
1638508369382 3.5066442281788284 0
1638508397846 3.511469703249216 0
1638508426345 3.5077296757333065 0
1638508454672 3.5092864741641625 0
1638508483156 3.514047043257197 0
1638508511569 3.5116677968982573 0
1638508540171 3.5048712624606697 0
1638508568671 3.5117544988679468 0
1638508597043 3.5101477491268915 0
1638508625415 3.5093506615805743 0
1638508653899 3.5123411630983887 0
1638508682301 3.5177709469340255 0
1638508710831 3.514445280079417 0
1638508739213 3.50707081583447 0
1638508767675 3.507123436526086 0
1638508796184 3.509662544061329 0
1638508824693 3.510830114429332 0
1638508854018 3.515218227842636 0
1638508882447 3.5143187576521266 0
1638508910885 3.5098988567295897 0
