1638685989758 0.3333333333333333 0
1638686049760 0.3333333333333333 1
1638686109701 0.3492063492063492 2
1638686169938 0.3333333333333333 3
1638686230004 0.42857142857142855 4
1638686290055 0.4444444444444444 5
1638686349979 0.42857142857142855 6
1638686410006 0.3968253968253968 7
1638686470556 0.5396825396825397 8
1638686531232 0.42857142857142855 9
1638686592111 0.5396825396825397 10
1638686652988 0.4444444444444444 11
1638686714019 0.4444444444444444 12
1638686774972 0.4126984126984127 13
1638686835966 0.5238095238095238 14
1638686897029 0.5079365079365079 15
1638686957934 0.5714285714285714 16
1638687018688 0.5079365079365079 17
1638687079470 0.5714285714285714 18
1638687140170 0.6031746031746031 19
1638687200752 0.5714285714285714 20
1638687261273 0.5873015873015873 21
1638687321988 0.6031746031746031 22
1638687382413 0.5714285714285714 23
1638687442901 0.5873015873015873 24
1638687503197 0.6190476190476191 25
1638687563557 0.6031746031746031 26
1638687623879 0.5873015873015873 27
1638687684110 0.6031746031746031 28
1638687744299 0.5079365079365079 29
1638687804423 0.5873015873015873 30
1638687864539 0.6190476190476191 31
1638687924816 0.6031746031746031 32
1638687984954 0.5714285714285714 33
1638688045290 0.6984126984126984 34
1638688105464 0.6190476190476191 35
1638688165636 0.6190476190476191 36
1638688225777 0.6507936507936508 37
1638688285903 0.6984126984126984 38
1638688346077 0.6507936507936508 39
1638688406155 0.5873015873015873 40
1638688466312 0.7936507936507936 41
1638688526754 0.6190476190476191 42
1638688587302 0.6666666666666666 43
1638688647930 0.6507936507936508 44
1638688708116 0.5873015873015873 45
1638688768294 0.6825396825396826 46
1638688829318 0.7301587301587301 47
1638688889449 0.5873015873015873 48
1638688949575 0.5873015873015873 49
1638689009685 0.6825396825396826 50
1638689070055 0.7142857142857143 51
1638689130730 0.6666666666666666 52
1638689190964 0.6825396825396826 53
1638689251375 0.7142857142857143 54
1638689311634 0.746031746031746 55
1638689371922 0.6984126984126984 56
1638689432195 0.6507936507936508 57
1638689492455 0.7619047619047619 58
1638689552824 0.7619047619047619 59
1638689613093 0.7142857142857143 60
1638689673328 0.6825396825396826 61
1638689733758 0.6984126984126984 62
1638689794093 0.746031746031746 63
1638689854342 0.746031746031746 64
1638689914589 0.6666666666666666 65
1638689974804 0.6666666666666666 66
1638690035362 0.6984126984126984 67
1638690095593 0.6825396825396826 68
1638690155894 0.7142857142857143 69
1638690216141 0.6825396825396826 70
1638690276349 0.7777777777777778 71
1638690336777 0.7777777777777778 72
1638690397152 0.7142857142857143 73
1638690457673 0.6984126984126984 74
1638690517984 0.746031746031746 75
1638690578331 0.6825396825396826 76
1638690638683 0.7142857142857143 77
1638690699118 0.6825396825396826 78
1638690759398 0.7142857142857143 79
1638690819715 0.7777777777777778 80
1638690879984 0.7142857142857143 81
1638690940599 0.7619047619047619 82
1638691000955 0.6984126984126984 83
1638691061371 0.6984126984126984 84
1638691121667 0.7777777777777778 85
1638691181984 0.6666666666666666 86
1638691242312 0.7301587301587301 87
1638691302528 0.6984126984126984 88
1638691362719 0.7777777777777778 89
1638691423016 0.6666666666666666 90
1638691483294 0.746031746031746 91
1638691543729 0.7777777777777778 92
1638691604171 0.746031746031746 93
1638691664614 0.7301587301587301 94
1638691725789 0.8253968253968254 95
1638691786483 0.8412698412698413 96
1638691846855 0.8095238095238095 97
1638691907145 0.7936507936507936 98
1638691967503 0.7936507936507936 99
1638692027870 0.8253968253968254 100
1638692088266 0.7777777777777778 101
1638692148924 0.7301587301587301 102
1638692209635 0.7777777777777778 103
1638692270049 0.7777777777777778 104
1638692330488 0.8253968253968254 105
1638692390910 0.746031746031746 106
1638692452064 0.7936507936507936 107
1638692512417 0.8095238095238095 108
1638692572880 0.7936507936507936 109
1638692633243 0.7619047619047619 110
1638692693647 0.7777777777777778 111
1638692754071 0.8253968253968254 112
1638692814405 0.7936507936507936 113
1638692874705 0.8253968253968254 114
1638692935138 0.7936507936507936 115
1638692995499 0.7777777777777778 116
1638693055893 0.8095238095238095 117
1638693116039 0.7301587301587301 118
1638693176116 0.746031746031746 119
1638693236321 0.8571428571428571 120
1638693296573 0.746031746031746 121
1638693357229 0.8888888888888888 122
1638693417552 0.746031746031746 123
1638693477845 0.7777777777777778 124
1638693538119 0.8412698412698413 125
1638693598340 0.7936507936507936 126
1638693658626 0.8095238095238095 127
1638693718900 0.7142857142857143 128
1638693779197 0.8253968253968254 129
1638693839503 0.746031746031746 130
