1638685989768 60.484302043914795 0
1638686049769 59.696423053741455 1
1638686109710 59.630094051361084 2
1638686169948 59.945985078811646 3
1638686230011 59.76322960853577 4
1638686290063 59.7208514213562 5
1638686349988 59.594186782836914 6
1638686410016 59.72184681892395 7
1638686470565 60.240952253341675 8
1638686531241 60.342692852020264 9
1638686592119 60.58104348182678 10
1638686652997 60.53168058395386 11
1638686714027 60.734633445739746 12
1638686774982 60.66980600357056 13
1638686835974 60.684765100479126 14
1638686897044 60.77951240539551 15
1638686957942 60.5591139793396 16
1638687018697 60.46335697174072 17
1638687079479 60.495779514312744 18
1638687140179 60.37609910964966 19
1638687200761 60.27437090873718 20
1638687261282 60.192097902297974 21
1638687321996 60.41548562049866 22
1638687382422 60.142722845077515 23
1638687442910 60.18011522293091 24
1638687503209 59.97616720199585 25
1638687563566 60.062429666519165 26
1638687623889 60.04598331451416 27
1638687684119 59.94175171852112 28
1638687744307 59.907652616500854 29
1638687804432 59.784679889678955 30
1638687864547 59.824066400527954 31
1638687924825 59.98815441131592 32
1638687984964 59.82121014595032 33
1638688045299 60.03550100326538 34
1638688105475 59.86597204208374 35
1638688165645 59.81260299682617 36
1638688225786 59.85848379135132 37
1638688285912 59.791154623031616 38
1638688346086 59.8313627243042 39
1638688406165 59.748268604278564 40
1638688466321 59.852513551712036 41
1638688526763 60.0883584022522 42
1638688587311 60.27088809013367 43
1638688647941 60.27785301208496 44
1638688708124 59.85897350311279 45
1638688768303 59.85798931121826 46
1638688829326 60.72465920448303 47
1638688889459 59.80362939834595 48
1638688949591 59.84252643585205 49
1638689009694 59.74230122566223 50
1638689070064 60.02951669692993 51
1638689130739 60.309767723083496 52
1638689190973 59.9307816028595 53
1638689251385 60.10132455825806 54
1638689311643 59.96469068527222 55
1638689371932 59.94673776626587 56
1638689432204 59.9886269569397 57
1638689492465 59.91959571838379 58
1638689552833 60.03501224517822 59
1638689613103 59.965725898742676 60
1638689673336 59.89188551902771 61
1638689733767 60.08288049697876 62
1638689794103 60.002588510513306 63
1638689854353 59.95921349525452 64
1638689914598 59.88691163063049 65
1638689974813 59.938267946243286 66
1638690035371 60.21302556991577 67
1638690095604 59.923799991607666 68
1638690155903 59.958707332611084 69
1638690216150 59.96668577194214 70
1638690276359 59.89587426185608 71
1638690336786 60.11229634284973 72
1638690397162 60.05196666717529 73
1638690457682 60.21901059150696 74
1638690517994 60.0300235748291 75
1638690578341 60.043479919433594 76
1638690638693 60.051474809646606 77
1638690699128 60.150195598602295 78
1638690759408 59.98962426185608 79
1638690819725 60.0016074180603 80
1638690879994 59.95970439910889 81
1638690940608 60.256908893585205 82
1638691000964 60.043479919433594 83
1638691061380 60.136232137680054 84
1638691121677 59.95273804664612 85
1638691181994 59.98215198516846 86
1638691242322 60.03301548957825 87
1638691302538 59.917325258255005 88
1638691362731 59.85997152328491 89
1638691423026 59.95721888542175 90
1638691483304 59.98364043235779 91
1638691543739 60.13922452926636 92
1638691604181 60.10830640792847 93
1638691664625 60.049463987350464 94
1638691725799 60.86977767944336 95
1638691786493 60.316749572753906 96
1638691846865 60.056445360183716 97
1638691907155 60.03130865097046 98
1638691967514 60.06692719459534 99
1638692027880 60.07738924026489 100
1638692088277 60.09385418891907 101
1638692148934 60.35216450691223 102
1638692209645 60.379316091537476 103
1638692270061 60.134742975234985 104
1638692330498 60.13673758506775 105
1638692390921 60.10932016372681 106
1638692452074 60.758342027664185 107
1638692512428 60.072402238845825 108
1638692572889 60.14571690559387 109
1638692633253 60.0484664440155 110
1638692693656 60.10431718826294 111
1638692754081 60.101325035095215 112
1638692814416 60.01555418968201 113
1638692874717 59.9527223110199 114
1638692935148 60.082884073257446 115
1638692995509 59.993613481521606 116
1638693055903 60.10032796859741 117
1638693116049 59.860475301742554 118
1638693176126 59.796141386032104 119
1638693236330 59.85797476768494 120
1638693296583 59.916818618774414 121
1638693357238 60.33270621299744 122
1638693417562 60.01107335090637 123
1638693477854 59.983147859573364 124
1638693538130 59.99560785293579 125
1638693598351 59.910834074020386 126
1638693658636 59.94973039627075 127
1638693718912 59.95172476768494 128
1638693779207 60.01356029510498 129
1638693839513 60.00159215927124 130
