1638685989765 0.001840773124712379 0
1638686049766 0.0017048844940755264 1
1638686109707 0.0015876796062554578 2
1638686169945 0.0014855529971031715 3
1638686230008 0.0013957708144322703 4
1638686290061 0.0013162224415926291 5
1638686349985 0.001245252474939294 6
1638686410012 0.0011815442783718322 7
1638686470562 0.0011240375428539313 8
1638686531238 0.0010718688032584813 9
1638686592117 0.001024327784891165 10
1638686652994 0.0009808248737187973 11
1638686714025 0.0009408665380815731 12
1638686774979 0.0009040365230755323 13
1638686835972 0.0008699812954021487 14
1638686897035 0.0008383986585621462 15
1638686957939 0.0008090287609724525 16
1638687018694 0.0007816469300816821 17
1638687079476 0.0007560579140362153 18
1638687140177 0.0007320912185658332 19
1638687200759 0.0007095973035302466 20
1638687261279 0.0006884444597432103 21
1638687321994 0.0006685162282314404 22
1638687382419 0.000649709255108339 23
1638687442907 0.000631931498625549 24
1638687503204 0.0006151007227433493 25
1638687563563 0.0005991432251879811 26
1638687623886 0.0005839927584897947 27
1638687684116 0.0005695896106855011 28
1638687744305 0.0005558798187831791 29
1638687804429 0.0005428144931469669 30
1638687864545 0.0005303492349712285 31
1638687924822 0.0005184436322160873 32
1638687984961 0.0005070608219455924 33
1638688045296 0.000496167109082339 34
1638688105471 0.00048573163327261695 35
1638688165642 0.0004757260769249066 36
1638688225783 0.00046612440860465656 37
1638688285909 0.00045690265688894983 38
1638688346084 0.000448038710544591 39
1638688406162 0.00043951214152290963 40
1638688466318 0.0004313040477884885 41
1638688526760 0.00042339691343650106 42
1638688587308 0.00041577448391992187 43
1638688647937 0.0004084216545161224 44
1638688708122 0.00040132437042239387 45
1638688768300 0.00039446953708999823 46
1638688829323 0.0003878449395931507 47
1638688889456 0.00038143916998836607 48
1638688949588 0.00037524156175538 49
1638689009691 0.00036924213052709313 50
1638689070061 0.00036343152041576565 51
1638689130736 0.0003578009553285507 52
1638689190970 0.000352342194739531 53
1638689251382 0.00034704749344947856 54
1638689311640 0.00034190956492007865 55
1638689371929 0.00033692154781759067 56
1638689432201 0.00033207697544290765 57
1638689492462 0.00032736974776160935 58
1638689552830 0.0003227941057796285 59
1638689613100 0.0003183446080382013 60
1638689673333 0.000314016109026393 61
1638689733764 0.0003098037393311337 62
1638689794100 0.00030570288736377115 63
1638689854349 0.00030170918251896993 64
1638689914595 0.00029781847963666143 65
1638689974810 0.0002940268446509166 66
1638690035368 0.00029033054132129426 67
1638690095599 0.00028672601895258983 68
1638690155900 0.0002832099010181396 69
1638690216147 0.000279778974610058 70
1638690276355 0.00027643018064712305 71
1638690336783 0.000273160604777579 72
1638690397159 0.00026996746891999514 73
1638690457679 0.00026684812339057226 74
1638690517991 0.0002638000395700059 75
1638690578338 0.00026082080306725266 76
1638690638690 0.0002579081073413543 77
1638690699124 0.00025505974774590943 78
1638690759405 0.00025227361596387443 79
1638690819722 0.0002495476948031693 80
1638690879991 0.00024688005332609153 81
1638690940605 0.000244268842287822 82
1638691000962 0.000241712289861378 83
1638691061377 0.00023920869762824573 84
1638691121674 0.0002367564368156259 85
1638691181991 0.00023435394476277523 86
1638691242319 0.0002319997216003341 87
1638691302535 0.0002296923271278123 88
1638691362726 0.00022743037787557283 89
1638691423023 0.00022521254433871963 90
1638691483301 0.0002230375483712683 91
1638691543736 0.00022090416072986733 92
1638691604178 0.00021881119875715238 93
1638691664621 0.00021675752419555864 94
1638691725796 0.00021474204112310085 95
1638691786490 0.0002127636940032553 96
1638691846862 0.000210821465841652 97
1638691907152 0.00020891437644281492 98
1638691967510 0.00020704148076067038 99
1638692027877 0.00020520186733699274 100
1638692088273 0.00020339465682236527 101
1638692148931 0.00020161900057461414 102
1638692209641 0.00019987407933002205 103
1638692270056 0.00019815910194295 104
1638692330495 0.0001964733041897932 105
1638692390917 0.0001948159476334733 106
1638692452071 0.00019318631854492064 107
1638692512425 0.00019158372687823894 108
1638692572886 0.00019000750529645923 109
1638692633250 0.0001884570082449941 110
1638692693652 0.00018693161107009003 111
1638692754078 0.00018543070917974725 112
1638692814413 0.0001839537172447412 113
1638692874713 0.00018250006843752568 114
1638692935144 0.00018106921370693947 115
1638692995506 0.00017966062108676708 116
1638693055900 0.00017827377503632327 117
1638693116046 0.00017690817581134512 118
1638693176123 0.0001755633388635785 119
1638693236327 0.00017423879426754367 120
1638693296580 0.00017293408617305512 121
1638693357235 0.00017164877228215624 122
1638693417559 0.0001703824233492073 123
1638693477852 0.00016913462270294038 124
1638693538126 0.00016790496578936322 125
1638693598347 0.00016669305973445795 126
1638693658633 0.0001654985229256829 127
1638693718907 0.00016432098461133978 128
1638693779204 0.00016316008451692376 129
1638693839510 0.00016201547247762162 130
