1638685989762 2.4114787042612966 0
1638686049763 2.5508379835021717 1
1638686109704 2.336108173324584 2
1638686169942 2.4660468459706024 3
1638686230006 2.040878358734679 4
1638686290058 2.0431272194497594 5
1638686349982 2.124987748281098 6
1638686410009 2.148339708008114 7
1638686470559 1.7254522838712805 8
1638686531236 2.0780697070659193 9
1638686592114 1.7700802633282136 10
1638686652992 2.1138068350352994 11
1638686714022 1.9390595793373189 12
1638686774976 2.032913740870016 13
1638686835969 1.4878171623195455 14
1638686897032 1.6442870077884613 15
1638686957937 1.5051322876852753 16
1638687018691 1.6397601393431915 17
1638687079473 1.5208789016702748 18
1638687140174 1.4812953805297373 19
1638687200756 1.533696081538163 20
1638687261276 1.591610531285438 21
1638687321991 1.5334768262942902 22
1638687382416 1.4845359492762966 23
1638687442904 1.6236975315531184 24
1638687503200 1.4663697983277657 25
1638687563560 1.4031990024706775 26
1638687623883 1.4551861815429705 27
1638687684113 1.4256405835176704 28
1638687744302 1.7088974422554577 29
1638687804426 1.3612472434022107 30
1638687864542 1.3914228711442183 31
1638687924819 1.406763305722257 32
1638687984958 1.371123811690876 33
1638688045293 1.1279728580755863 34
1638688105468 1.2459798993467406 35
1638688165639 1.2141155111824422 36
1638688225781 1.249410792174159 37
1638688285906 1.1355335949912355 38
1638688346081 1.3926522181401848 39
1638688406159 1.268153411812152 40
1638688466315 0.9103423046032635 41
1638688526757 1.3473349282995457 42
1638688587305 1.0943233611915932 43
1638688647933 1.0819624071007907 44
1638688708120 1.3924735226906377 45
1638688768297 1.0836806708695679 46
1638688829321 0.8564546963362555 47
1638688889453 1.2018732673145331 48
1638688949579 1.2160365231150978 49
1638689009689 1.394855322299875 50
1638689070058 1.021964065705236 51
1638689130733 1.1654116031295045 52
1638689190967 1.1721726673781745 53
1638689251379 1.1298137724388233 54
1638689311637 0.9141530096164411 55
1638689371926 1.0036843026886249 56
1638689432198 1.0847992410640441 57
1638689492459 0.9712373702648324 58
1638689552827 0.8725085665754978 59
1638689613097 0.9665931361145721 60
1638689673330 1.126269456286718 61
1638689733761 0.9098614338000104 62
1638689794097 1.0204338237751958 63
1638689854346 1.1143016719439305 64
1638689914592 1.1949134991109485 65
1638689974807 0.96002111641493 66
1638690035365 0.9166775174933114 67
1638690095596 1.0289956350842506 68
1638690155897 0.8565383402659553 69
1638690216145 1.0442945782362747 70
1638690276352 0.9348193720722953 71
1638690336780 0.7998701158653397 72
1638690397156 0.8361454590671252 73
1638690457676 1.1417165888380738 74
1638690517988 0.8365989569594194 75
1638690578335 0.8510850257643076 76
1638690638687 0.8840489579001478 77
1638690699121 0.8704254304075246 78
1638690759402 1.039464844970248 79
1638690819719 0.8157398946161927 80
1638690879988 0.9741460796324519 81
1638690940602 0.8239223522930544 82
1638691000958 0.8268536055428948 83
1638691061374 0.7028934267182477 84
1638691121671 0.6905167525467087 85
1638691181988 1.056054432247256 86
1638691242316 0.8443658051946717 87
1638691302531 0.8669776771271379 88
1638691362723 0.7077697608898986 89
1638691423020 1.0343863565089861 90
1638691483298 0.7928165906146594 91
1638691543732 0.7962360512746038 92
1638691604175 0.8829220370119424 93
1638691664618 0.8209259796773347 94
1638691725793 0.6540610692820593 95
1638691786487 0.6111813456620269 96
1638691846859 0.6572094594494341 97
1638691907149 0.6907228385129819 98
1638691967507 0.650882360387246 99
1638692027874 0.7250267146277717 100
1638692088269 0.79007954695069 101
1638692148928 0.6930743221779568 102
1638692209638 0.785203386047624 103
1638692270052 0.5356830167288351 104
1638692330492 0.48134790789212595 105
1638692390914 0.7861155860733644 106
1638692452068 0.7587492256025238 107
1638692512421 0.703741432510637 108
1638692572883 0.6086974852098308 109
1638692633246 0.710781515057857 110
1638692693649 0.7272136692855733 111
1638692754074 0.5102319620775133 112
1638692814409 0.8398789066467724 113
1638692874709 0.566128610437335 114
1638692935141 0.6550264972379691 115
1638692995503 0.6382755998881641 116
1638693055897 0.5519400661194475 117
1638693116043 0.7144053492895945 118
1638693176120 0.6512425581083315 119
1638693236324 0.4685334247220846 120
1638693296576 0.6918131829273174 121
1638693357231 0.4024552453055248 122
1638693417556 0.8234440677936326 123
1638693477848 0.7477821772307468 124
1638693538123 0.5247065954545403 125
1638693598344 0.7101517428181404 126
1638693658630 0.5660065208828998 127
1638693718904 0.9821887003254757 128
1638693779201 0.6202104059577419 129
1638693839507 0.8661852242697561 130
