1638627814280 0.0009203865623561895 0
1638627884700 0.0008524422470377632 1
1638627952885 0.0007938398031277289 2
1638628020630 0.0007427764985515858 3
1638628088382 0.0006978854072161351 4
1638628156438 0.0006581112207963146 5
1638628224287 0.000622626237469647 6
1638628292407 0.0005907721391859161 7
1638628360358 0.0005620187714269657 8
1638628428331 0.0005359344016292407 9
1638628495349 0.0005121638924455825 10
1638628565533 0.0004904124368593987 11
1638628637609 0.00047043326904078653 12
1638628708838 0.00045201826153776616 13
