1638508941577 0.3091757178651115 0
1638508970150 0.3694999300675585 0
1638508998661 0.3861399869353785 0
1638509027008 0.3949200540608753 0
1638509055513 0.40461029275993393 0
1638509083953 0.4121346494365979 0
1638509112535 0.4152946112128352 0
1638509141168 0.42092928397173135 0
1638509169462 0.4215708325363997 0
1638509197890 0.4236388215439857 0
1638509226288 0.42734185622606663 0
1638509254776 0.4290637236454583 0
1638509283085 0.4321479349122571 0
1638509311455 0.4318997063044179 0
1638509339861 0.4324550158371126 0
1638509368326 0.43771501490146436 0
1638509396804 0.43630139379832095 0
1638509425304 0.43912747064766855 0
1638509453660 0.44085691309388664 0
1638509482037 0.44306067031932017 0
1638509510477 0.44156022747128 0
1638509538981 0.4398791487850895 0
1638509567334 0.44192266453897333 0
1638509595700 0.4441648797148225 0
1638509624068 0.4424983684382687 0
1638509652501 0.4436987227098101 0
1638509680910 0.4485135418486733 0
1638509709205 0.45126503354552167 0
1638509737765 0.44732717227384533 0
1638509766205 0.44876876280486927 0
1638509794746 0.44968767479665017 0
1638509823035 0.45006584466537297 0
1638509851443 0.45164087263145886 0
1638509879837 0.4523465177916378 0
1638509908341 0.45062231958946053 0
1638509936837 0.45352531230518583 0
1638509965199 0.4540444946702505 0
1638509993551 0.45366865561876685 0
1638510022003 0.45455027501707135 0
1638510050389 0.4540287618692211 0
1638510078770 0.4580691776868236 0
1638510107057 0.4579846867247124 0
1638510135463 0.4580942336534489 0
1638510163856 0.45606645066614093 0
1638510192271 0.4583750932202863 0
1638510220672 0.4559603999460364 0
1638510248917 0.45778715272859344 0
1638510277277 0.4608544657685164 0
1638510305663 0.45798585215055876 0
1638510334412 0.4610024706476686 0
1638510362914 0.4596622692367245 0
1638510391284 0.46291837588900087 0
1638510419641 0.4613398517487366 0
1638510448454 0.4605269904770603 0
1638510477881 0.46363509228463806 0
1638510506810 0.4616492634563777 0
1638510535234 0.4620140313413102 0
1638510563650 0.46199596775749513 0
1638510592107 0.462857192789199 0
1638510620561 0.46701764405807317 0
1638510648986 0.46163469608119456 0
1638510677509 0.46519089127551616 0
1638510705954 0.4637796009551583 0
1638510734409 0.4639602367933086 0
1638510762984 0.4679208232488246 0
1638510791360 0.4637650335455216 0
1638510819808 0.46718021631240847 0
1638510848154 0.4677197930096202 0
1638510876601 0.4661843883853427 0
1638510905087 0.4656086845205009 0
1638510933646 0.4677425181934599 0
1638510961952 0.469703291055095 0
1638510990404 0.46683467740268375 0
1638511018817 0.47091355117070194 0
1638511047402 0.4699754102037132 0
1638511075662 0.470858195027864 0
1638511104041 0.46928899401874213 0
1638511132464 0.4674453430782164 0
1638511160967 0.4734809108552216 0
1638511189410 0.4697936089741701 0
1638511217853 0.46880593885576105 0
1638511246387 0.4704800251591412 0
1638511274891 0.4719297734299147 0
1638511303305 0.46791732704019273 0
1638511331688 0.46946613368271406 0
1638511360057 0.47185402292047623 0
1638511390198 0.46988392689324526 0
1638511420264 0.4673031651904817 0
1638511450158 0.47530533282053955 0
1638511478648 0.46956344395014593 0
1638511506942 0.4753752563730141 0
1638511535419 0.47075564048193785 0
1638511563847 0.47151431100216906 0
1638511592334 0.4721139054766969 0
1638511620772 0.47149158585278284 0
1638511649150 0.4719600736405808 0
1638511677519 0.4741527596650096 0
1638511706024 0.46996084279407657 0
1638511734573 0.47519811670904216 0
1638511762952 0.4757353626579219 0
