1638508941571 2.548256282881636 0
1638508970144 2.285027849514136 0
1638508998656 2.2129410795674467 0
1638509027001 2.17466486381149 0
1638509055507 2.1359343960514137 0
1638509083947 2.115123181986279 0
1638509112529 2.086710235717328 0
1638509141162 2.070833555765697 0
1638509169456 2.0616328162602455 0
1638509197884 2.0508181899826394 0
1638509226282 2.042299875167733 0
1638509254771 2.0330914933852093 0
1638509283080 2.0233894259727077 0
1638509311450 2.0204676889245494 0
1638509339855 2.024963287985116 0
1638509368320 2.0037825939887015 0
1638509396798 2.002379118748743 0
1638509425297 1.9970966690389498 0
1638509453653 1.9956940847024323 0
1638509482031 1.9790227656219908 0
1638509510472 1.9856897962602493 0
1638509538975 1.9895703724464124 0
1638509567328 1.9805190096724214 0
1638509595694 1.9808101342471494 0
1638509624062 1.9734629971077784 0
1638509652495 1.9689941170554874 0
1638509680904 1.9607438446545624 0
1638509709199 1.9588195770698287 0
1638509737759 1.9646043225406171 0
1638509766199 1.9523047612585476 0
1638509794741 1.9580460789297285 0
1638509823029 1.9469820149025394 0
1638509851437 1.9445165425405968 0
1638509879832 1.9408065946459767 0
1638509908335 1.943775203585795 0
1638509936831 1.940702828829716 0
1638509965193 1.9315709750824297 0
1638509993546 1.9289948854716688 0
1638510021997 1.9309007996715777 0
1638510050383 1.9342307138755845 0
1638510078764 1.9272742556437976 0
1638510107051 1.912912562882999 0
1638510135456 1.9207337873301384 0
1638510163850 1.931681158287223 0
1638510192265 1.9107975714192948 0
1638510220667 1.913746338694992 0
1638510248911 1.9136085948570565 0
1638510277271 1.9135030559407793 0
1638510305656 1.9210076046862186 0
1638510334406 1.9055274507881217 0
1638510362908 1.9161710619553702 0
1638510391278 1.9022691848597921 0
1638510419636 1.9020408757571912 0
1638510448448 1.9101473820070098 0
1638510477874 1.903924023505869 0
1638510506804 1.905091590208844 0
1638510535228 1.9012257876986463 0
1638510563644 1.8988573760715879 0
1638510592101 1.8996218164042933 0
1638510620555 1.8952686046126357 0
1638510648980 1.9140580448062416 0
1638510677504 1.8945374596217395 0
1638510705948 1.8973688129997182 0
1638510734403 1.8884744052546358 0
1638510762977 1.8912640214903633 0
1638510791355 1.892142783111595 0
1638510819802 1.886680137340403 0
1638510848148 1.8940073183745623 0
1638510876595 1.8886677531880434 0
1638510905081 1.8875675441635866 0
1638510933640 1.8835444848834397 0
1638510961947 1.8776548730257714 0
1638510990398 1.887306764285827 0
1638511018811 1.8779421123562934 0
1638511047396 1.8773985254552756 0
1638511075656 1.8673747415120467 0
1638511104035 1.8737017321022527 0
1638511132458 1.8743986693532966 0
1638511160961 1.8633335846039725 0
1638511189404 1.872389919786672 0
1638511217847 1.8692089226601523 0
1638511246381 1.8657853691789108 0
1638511274885 1.869435671809645 0
1638511303300 1.879203421821293 0
1638511331681 1.876715226238643 0
1638511360051 1.8638458215238207 0
1638511390192 1.8726643282831041 0
1638511420256 1.8745920545402806 0
1638511450152 1.8530532708019705 0
1638511478642 1.8734888953385378 0
1638511506936 1.8574673316500576 0
1638511535413 1.8674113879003071 0
1638511563841 1.8524283250249063 0
1638511592328 1.8598722704129942 0
1638511620766 1.8619249704626308 0
1638511649144 1.8647688273387932 0
1638511677513 1.8480012373919343 0
1638511706018 1.8657572961248736 0
1638511734567 1.856745167649639 0
1638511762946 1.8439733424639955 0
