1638523620180 0.08476016221707956 0
1638523652099 0.08762761047809799 0
1638523683256 0.08920496922696947 0
1638523713641 0.08928829479768786 0
1638523742687 0.08775871713037436 0
1638523772725 0.08887982471829894 0
1638523803874 0.08806113648965869 0
1638523834815 0.08896431568041013 0
1638523865612 0.08760954689428296 0
1638523896118 0.08930868916428847 0
1638523927992 0.08885593417751995 0
1638523959354 0.0888932267365428 0
1638523991941 0.08934365094052574 0
1638524024720 0.0879539203781613 0
1638524058510 0.08869802348875586 0
1638524091211 0.08890895953757226 0
1638524124161 0.08952545217006881 0
1638524155321 0.08916534588516103 0
1638524186678 0.08898121387283237 0
1638524218710 0.09006735968451969 0
1638524249386 0.08804656908002204 0
1638524279928 0.08865723475555463 0
1638524310801 0.08885943035169833 0
1638524341468 0.08965189725677403 0
1638524372339 0.08819224314193505 0
1638524402876 0.08885709956891275 0
1638524433526 0.08936171452434077 0
1638524463375 0.0892003076613983 0
1638524493834 0.08936287991573356 0
1638524524224 0.08889206134515001 0
1638524554186 0.08836821741451417 0
1638524584625 0.08813688699909718 0
1638524614127 0.08896315028901734 0
1638524645198 0.08941940144996423 0
1638524674366 0.0890208372146408 0
1638524703648 0.08880290881746766 0
1638524733662 0.08885593417751995 0
1638524763897 0.0885884765944729 0
1638524793741 0.08855118403545005 0
1638524824273 0.08896664646319571 0
1638524854756 0.08954817731945501 0
1638524889921 0.08842240816595927 0
1638524924336 0.08824177232780897 0
1638524954254 0.08865840014694742 0
1638524986429 0.08900160823943298 0
1638525017101 0.08891362110314342 0
1638525048881 0.08915077847552437 0
1638525078720 0.08992518179678503 0
1638525108623 0.08871375628978531 0
1638525140584 0.08891012492896505 0
1638525172253 0.08847659891740435 0
1638525202484 0.08872948909081475 0
1638525232256 0.0887149216811781 0
1638525262560 0.08945669400898708 0
1638525292325 0.08898121387283237 0
1638525322862 0.0890208372146408 0
1638525352160 0.0890942569412937 0
1638525384325 0.08919914227000551 0
1638525414673 0.08929528714604461 0
1638525444630 0.089147282301346 0
1638525474207 0.08723254241695294 0
1638525503697 0.08916418049376824 0
1638525534409 0.08963499906435178 0
1638525564096 0.08856808222787228 0
1638525593859 0.08766606842851363 0
1638525623207 0.08946893063583815 0
1638525652628 0.08945552861759429 0
1638525682837 0.08958197370429949 0
1638525712937 0.08932558735671071 0
1638525742420 0.08916418049376824 0
1638525771318 0.08886409191726949 0
1638525801091 0.08941590527578586 0
1638525830385 0.08891245571175063 0
1638525860581 0.08883903598509772 0
1638525890908 0.08878251445086706 0
1638525919789 0.0891268879347454 0
1638525949848 0.0876998648133581 0
1638525979389 0.08974221517584917 0
1638526008773 0.08882679935824664 0
1638526037771 0.08898354465561795 0
1638526067229 0.08846086611637491 0
1638526096599 0.08993858381502891 0
1638526126472 0.08865723475555463 0
1638526155944 0.088387446389722 0
1638526185964 0.08882097240128269 0
1638526216757 0.0893279181394963 0
1638526246838 0.08923643482902835 0
1638526276197 0.08919914227000551 0
1638526307031 0.08971074957379027 0
1638526336753 0.08869569270597027 0
1638526365671 0.0897072533996119 0
1638526394702 0.0889678118545885 0
1638526424014 0.08867879451354804 0
1638526453374 0.088746387283237 0
1638526482997 0.0894543632262015 0
1638526512067 0.08894858287938068 0
1638526540912 0.08961810087192955 0
1638526570412 0.08909076076711533 0
1638526599878 0.08882097240128269 0
1638526629106 0.08862227297931738 0
