1638523620174 3.941146212823672 0
1638523652093 3.5312186907456726 0
1638523683251 3.5142009986190925 0
1638523713636 3.5076091762246384 0
1638523742680 3.5092357964286176 0
1638523772719 3.501692536772391 0
1638523803867 3.5067271698643125 0
1638523834808 3.514462070582989 0
1638523865605 3.516192702000659 0
1638523896112 3.5211803709072864 0
1638523927986 3.527993848499769 0
1638523959348 3.52494607783692 0
1638523991934 3.5357948355890465 0
1638524024713 3.5338420239801787 0
1638524058503 3.5321868481623033 0
1638524091204 3.5392669696557233 0
1638524124155 3.5310947971151627 0
1638524155314 3.5175590746673406 0
1638524186672 3.5243919150614325 0
1638524218704 3.5311262519191486 0
1638524249381 3.5099443785356996 0
1638524279922 3.516467375467193 0
1638524310795 3.5118021201640963 0
1638524341463 3.531389429703392 0
1638524372333 3.517646885203486 0
1638524402869 3.5124503345076845 0
1638524433520 3.5188037942271024 0
1638524463368 3.523763587043164 0
1638524493828 3.5241270086078265 0
1638524524217 3.533555314294675 0
1638524554178 3.5289244723500564 0
1638524584619 3.515286893341455 0
1638524614120 3.5277457204967275 0
1638524645192 3.5099282849519517 0
1638524674361 3.5212489315488154 0
1638524703642 3.513558131708575 0
1638524733656 3.516879278909318 0
1638524763890 3.5196605030390216 0
1638524793734 3.5250770342499322 0
1638524824267 3.513995465226173 0
1638524854749 3.526121327862695 0
1638524889916 3.514323858720338 0
1638524924331 3.5136575971930517 0
1638524954250 3.5197893630388077 0
1638524986424 3.511020659193797 0
1638525017096 3.5180739058107546 0
1638525048876 3.521017449223644 0
1638525078716 3.5116704925618674 0
1638525108618 3.5116740206414505 0
1638525140580 3.5209375953102047 0
1638525172248 3.515445115231122 0
1638525202479 3.5299402880880226 0
1638525232252 3.523741088464323 0
1638525262555 3.514894229145758 0
1638525292320 3.5313277197726185 0
1638525322857 3.5378799132432723 0
1638525352154 3.526863699200497 0
1638525384320 3.5182737339208074 0
1638525414668 3.5114194342041483 0
1638525444625 3.512660994027178 0
1638525474202 3.5455342696701457 0
1638525503693 3.5192242262948503 0
1638525534404 3.5282646033985685 0
1638525564091 3.514307641008277 0
1638525593854 3.542142335145635 0
1638525623203 3.5139186176784962 0
1638525652623 3.5049812245636565 0
1638525682832 3.5234911049272237 0
1638525712932 3.520560706674666 0
1638525742415 3.5270587456707476 0
1638525771313 3.532365223814445 0
1638525801087 3.515516209193407 0
1638525830380 3.5330858863621515 0
1638525860576 3.524015331401036 0
1638525890903 3.5099109311286276 0
1638525919785 3.5188493546398973 0
1638525949844 3.515364791883838 0
1638525979384 3.5221981356084355 0
1638526008767 3.5120154567958237 0
1638526037766 3.516904968936756 0
1638526067224 3.531174619971746 0
1638526096594 3.5337326970366627 0
1638526126467 3.523426477935849 0
1638526155939 3.519097692603147 0
1638526185960 3.519034503901466 0
1638526216752 3.517350500796535 0
1638526246833 3.5175247757973547 0
1638526276192 3.514044920772932 0
1638526307026 3.5216395053427085 0
1638526336748 3.5245546792803055 0
1638526365666 3.513319479907865 0
1638526394697 3.5115511778375854 0
1638526424009 3.5188314154463236 0
1638526453370 3.5094230110508646 0
1638526482991 3.534193894217041 0
1638526512063 3.5143575205218496 0
1638526540908 3.5377849380881274 0
1638526570407 3.525078847781606 0
1638526599874 3.5148925672096376 0
1638526629101 3.521796356942848 0
