1638631381108 0.3828906851538885 1
1638631403794 0.4769866472716695 2
1638631426557 0.5160313909378669 3
1638631449409 0.538404656544018 4
1638631472154 0.5525157859776918 5
1638631494926 0.5631973656716027 6
1638631517971 0.5746900088241965 7
1638631540831 0.5806770432422123 8
1638631563656 0.5871214464685383 9
1638631591225 0.589936111595559 10
1638631620281 0.5975312397193688 11
1638631648130 0.6004355456895145 12
1638631673754 0.6054886543034956 13
1638631700811 0.6052002570920949 14
1638631727706 0.6117678090551434 15
1638631752653 0.6106846727620097 16
1638631779970 0.6140586623693999 17
1638631805640 0.6150888160524963 18
1638631831364 0.6175051092688536 19
1638631857109 0.618370300903056 20
1638631882742 0.6205351415324707 21
1638631908405 0.6223964061390169 22
1638631933792 0.623133866740154 23
1638631959353 0.6242903194994629 24
1638631984897 0.6267426981661667 25
1638632010615 0.6251555111336653 26
1638632036525 0.6257678182240722 27
1638632062095 0.624920669315043 28
1638632088376 0.6280775734376136 29
1638632117915 0.6296292478025097 30
1638632146129 0.6315079823514881 31
1638632169481 0.6340860873116632 32
1638632192891 0.6315414902794995 33
1638632217344 0.6324628148288154 34
1638632242385 0.6338884765088696 35
1638632267500 0.6339242755678455 36
1638632290566 0.6332386520112635 37
1638632314007 0.6343739117403229 38
1638632337416 0.6358542743786378 39
1638632361462 0.6370654280962074 40
1638632385686 0.6362692570576216 41
1638632408968 0.638345316018023 42
1638632432604 0.6370267651235259 43
1638632456572 0.6370450942400696 44
1638632479991 0.6405808955912777 45
1638632502778 0.6379858934714117 46
1638632525602 0.6360908345454835 47
1638632548439 0.6387222085070665 48
1638632571223 0.639823673916744 49
1638632594237 0.6389745202681208 50
