1638631381104 2.222548024957192 1
1638631403791 1.8128703257647953 2
1638631426554 1.6595965681263092 3
1638631449403 1.5716458612765718 4
1638631472150 1.510254357149464 5
1638631494922 1.4624658883173958 6
1638631517967 1.42677498376759 7
1638631540827 1.4035406441952065 8
1638631563651 1.3764698251186829 9
1638631591221 1.3622125138848944 10
1638631620276 1.3400888904855761 11
1638631648126 1.3252924268984703 12
1638631673750 1.313150149681575 13
1638631700807 1.3095889416148434 14
1638631727703 1.2955190119386213 15
1638631752649 1.2887109323351746 16
1638631779966 1.2807538127713332 17
1638631805636 1.277247720949597 18
1638631831360 1.2677798404534952 19
1638631857105 1.2629208859151881 20
1638631882735 1.25531430541528 21
1638631908402 1.2549166574117314 22
1638631933787 1.2443989166858886 23
1638631959349 1.2456889389943115 24
1638631984893 1.235558755229209 25
1638632010610 1.2407630202233497 26
1638632036522 1.2295261181121615 27
1638632062090 1.22944059969339 28
1638632088372 1.2252802987398357 29
1638632117912 1.2226662773826429 30
1638632146125 1.2172741298692917 31
1638632169478 1.2132779989579299 32
1638632192888 1.2164921058484055 33
1638632217340 1.208327679245814 34
1638632242381 1.2079957903067078 35
1638632267495 1.2062280416626305 36
1638632290562 1.2057055265301264 37
1638632314003 1.202114624410823 38
1638632337412 1.2026142871786587 39
1638632361457 1.2006991432739642 40
1638632385682 1.2060521408460336 41
1638632408964 1.1950170530899147 42
1638632432600 1.201275785685192 43
1638632456568 1.1919472004255136 44
1638632479987 1.1936149244377472 45
1638632502775 1.1969032227361722 46
1638632525599 1.1919399214662438 47
1638632548435 1.192424748950628 48
1638632571220 1.1879835748974472 49
1638632594232 1.1901127255888022 50
