1638795097384 0.4950534914959373 1
1638795132255 0.5621451379935866 2
1638795167343 0.581525032644327 3
1638795203121 0.5949620082199228 4
1638795238006 0.6062010534925957 5
1638795273122 0.6142900429020038 6
1638795307969 0.6224343883853427 7
1638795342357 0.6300292513274044 8
1638795377505 0.6316718720976328 9
1638795411443 0.6362576916038646 10
1638795445468 0.6384602834034517 11
1638795481401 0.6442045030566309 12
1638795516493 0.6494068151953593 13
1638795550864 0.6507604186245471 14
1638795585317 0.6543451659252189 15
1638795619624 0.6563624603899917 16
1638795653969 0.6606831530615085 17
1638795688293 0.6609517760359483 18
1638795722708 0.6672524706476686 19
1638795756998 0.6637230794209277 20
1638795792346 0.667419704467575 21
1638795826598 0.6675391571714699 22
1638795860578 0.6720608800821911 23
1638795898744 0.6714589548593312 24
1638795934051 0.6746597053687696 25
1638795968537 0.6772620268639802 26
1638796004120 0.6768512260018057 27
1638796039585 0.6779857355735206 28
1638796075202 0.6781279134612552 29
1638796109727 0.6820308129911478 30
1638796144183 0.6861347426568841 31
1638796180396 0.6834758996963501 32
1638796215179 0.685631293092849 33
1638796249246 0.6883845328940132 34
1638796284753 0.6888297128539554 35
1638796319650 0.6918946951110928 36
1638796353857 0.6910276430879714 37
1638796387792 0.6904496084058905 38
1638796422050 0.6907135698147592 39
1638796456269 0.6923124883216241 40
1638796491951 0.692039203781613 41
1638796527592 0.6929604465561795 42
1638796562696 0.6953302722445802 43
1638796597879 0.6955773354265731 44
1638796632998 0.6994429423629893 45
1638796668240 0.6968680076516433 46
1638796703246 0.6985409285980843 47
1638796740032 0.6976220166063033 48
1638796798187 0.7002569690605119 49
1638796860480 0.6998665625649381 50
