1638795097380 1.81070961062476 1
1638795132251 1.5028263509487916 2
1638795167339 1.4347123246023405 3
1638795203117 1.379841134601493 4
1638795238001 1.3423419754907686 5
1638795273118 1.310224389580451 6
1638795307966 1.2816927984642639 7
1638795342353 1.2630938192221177 8
1638795377502 1.2338903535183097 9
1638795411439 1.226368630587627 10
1638795445464 1.2244556896091057 11
1638795481397 1.2004187726822801 12
1638795516489 1.1883783156556313 13
1638795550860 1.181167839225318 14
1638795585314 1.1697435139842693 15
1638795619620 1.1518125221485245 16
1638795653965 1.1485455855569637 17
1638795688289 1.1475480774846998 18
1638795722704 1.1255659408847025 19
1638795756994 1.1330202302766057 20
1638795792340 1.1197171045055958 21
1638795826594 1.1146272324398787 22
1638795860575 1.10426886920235 23
1638795898740 1.1080884049792719 24
1638795934047 1.0968377907125717 25
1638795968533 1.097296128966457 26
1638796004116 1.0972581107836585 27
1638796039581 1.0810401655927098 28
1638796075198 1.0866645408404532 29
1638796109723 1.0749578007643021 30
1638796144179 1.0685733285630172 31
1638796180392 1.063995329829569 32
1638796215174 1.0593886732018738 33
1638796249243 1.0527957645284707 34
1638796284749 1.0530379888318755 35
1638796319646 1.050774922145019 36
1638796353853 1.0405370233150588 37
1638796387789 1.045863258185154 38
1638796422046 1.0361671394146679 39
1638796456265 1.0341977364246397 40
1638796491947 1.0382825312562816 41
1638796527588 1.034226456357188 42
1638796562692 1.0252525397187093 43
1638796597875 1.027651407425327 44
1638796632994 1.0086020102227622 45
1638796668236 1.024461189321179 46
1638796703242 1.0247691971735966 47
1638796740029 1.023530554329293 48
1638796798183 1.0181915375546315 49
1638796860476 1.0194510145158893 50
