1638645711272 0.23809523809523808 0
1638645770735 0.2857142857142857 1
1638645829912 0.36507936507936506 2
1638645889214 0.36507936507936506 3
1638645948543 0.38095238095238093 4
1638646007693 0.4603174603174603 5
1638646066960 0.42857142857142855 6
1638646127000 0.49206349206349204 7
1638646191432 0.4603174603174603 8
1638646259051 0.47619047619047616 9
1638646329659 0.49206349206349204 10
1638646401961 0.5079365079365079 11
1638646475635 0.5396825396825397 12
1638646550316 0.47619047619047616 13
1638646625391 0.6031746031746031 14
1638646700784 0.49206349206349204 15
1638646776330 0.5555555555555556 16
1638646852174 0.5396825396825397 17
1638646927873 0.6349206349206349 18
1638647003546 0.5396825396825397 19
1638647079066 0.6031746031746031 20
1638647154566 0.6031746031746031 21
1638647230554 0.6190476190476191 22
1638647305767 0.5873015873015873 23
1638647380724 0.6507936507936508 24
1638647455707 0.6190476190476191 25
1638647530594 0.6507936507936508 26
