1638645711282 59.29248785972595 0
1638645770743 59.14488244056702 1
1638645829922 58.90452480316162 2
1638645889223 59.027703046798706 3
1638645948551 59.023208141326904 4
1638646007702 58.86813020706177 5
1638646066969 59.00326085090637 6
1638646127008 59.78155207633972 7
1638646191441 64.1794228553772 8
1638646259059 67.35194182395935 9
1638646329668 70.34644293785095 10
1638646401970 72.04091334342957 11
1638646475645 73.42820954322815 12
1638646550326 74.42702674865723 13
1638646625403 74.78158617019653 14
1638646700794 75.10671663284302 15
1638646776340 75.29371047019958 16
1638646852183 75.5540132522583 17
1638646927882 75.40292358398438 18
1638647003563 75.42934727668762 19
1638647079082 75.24883008003235 20
1638647154576 75.222407579422 21
1638647230563 75.72606253623962 22
1638647305776 74.93318128585815 23
1638647380733 74.71326184272766 24
1638647455716 74.73620057106018 25
1638647530603 74.64245104789734 26
