1638645711279 0.0009203865623561895 0
1638645770741 0.0008524422470377632 1
1638645829919 0.0007938398031277289 2
1638645889220 0.0007427764985515858 3
1638645948549 0.0006978854072161351 4
1638646007699 0.0006581112207963146 5
1638646066966 0.000622626237469647 6
1638646127006 0.0005907721391859161 7
1638646191439 0.0005620187714269657 8
1638646259057 0.0005359344016292407 9
1638646329665 0.0005121638924455825 10
1638646401966 0.0004904124368593987 11
1638646475642 0.00047043326904078653 12
1638646550323 0.00045201826153776616 13
1638646625399 0.00043499064770107437 14
1638646700790 0.0004191993292810731 15
1638646776337 0.00040451438048622626 16
1638646852180 0.00039082346504084106 17
1638646927879 0.00037802895701810764 18
1638647003560 0.0003660456092829166 19
1638647079079 0.0003547986517651233 20
1638647154573 0.00034422222987160513 21
1638647230560 0.0003342581141157202 22
1638647305773 0.0003248546275541695 23
1638647380731 0.0003159657493127745 24
1638647455713 0.00030755036137167463 25
1638647530600 0.00029957161259399056 26
