1638645711276 2.8141977756446765 0
1638645770738 2.5254288687948727 1
1638645829915 2.481299281151942 2
1638645889217 2.2953232817572453 3
1638645948546 2.296827559681141 4
1638646007696 1.9259151077929724 5
1638646066963 2.0775562590118453 6
1638646127003 1.8341115439809947 7
1638646191436 1.951195856806543 8
1638646259054 1.857716592812458 9
1638646329662 1.7767690786640056 10
1638646401963 1.8785084664580691 11
1638646475639 1.373270854219186 12
1638646550320 1.5740761335637568 13
1638646625396 1.6130075437199145 14
1638646700787 1.5380820657663308 15
1638646776334 1.5633310968877523 16
1638646852177 1.6085886326187457 17
1638646927876 1.3562179941237469 18
1638647003557 1.4834300321534928 19
1638647079069 1.329921367228055 20
1638647154570 1.337398225590221 21
1638647230557 1.3227423863511567 22
1638647305770 1.5179355005967838 23
1638647380728 1.396050103880723 24
1638647455710 1.2762117336308654 25
1638647530598 1.3745929204702576 26
