1638637287533 0.30976466559235 1
1638637313284 0.3545656113715425 2
1638637337137 0.3671923686877134 3
1638637361324 0.37392402352554416 4
1638637387791 0.3823305014994073 5
1638637412260 0.3874380246802786 6
1638637435733 0.39180636891178944 7
1638637459014 0.39609967832890175 8
1638637482334 0.4008787093688379 9
1638637506001 0.4007360859156756 10
1638637529785 0.4036065975664394 11
1638637551024 0.4064015016200636 12
1638637572267 0.41208524644099537 13
1638637593721 0.41224677179344255 14
1638637615079 0.4129707719313355 15
1638637636241 0.41564195446549607 16
1638637657797 0.41917603743406695 17
1638637679110 0.42045850287821773 18
1638637700672 0.42276682613490635 19
1638637722178 0.42211728802867077 20
1638637743300 0.4254365766778003 21
1638637764267 0.42632238855951105 22
1638637786445 0.4268797083002866 23
1638637813862 0.42767244264242554 24
1638637840781 0.42691522096789186 25
1638637868334 0.42785516102512217 26
1638637891823 0.42973131805176545 27
1638637914919 0.43294406869807917 28
1638637938874 0.4340254866429895 29
1638637963411 0.43267199586362814 30
1638637987997 0.43221949577744506 31
1638638013916 0.4337179011409332 32
1638638038082 0.4315364497431982 33
1638638063193 0.436099540863797 34
1638638087826 0.4327985813312112 35
1638638112286 0.43593715633723806 36
1638638138507 0.4366044507772763 37
1638638164056 0.4354703366481129 38
1638638188091 0.434911298559114 39
1638638211561 0.4368398653786397 40
1638638236836 0.4365159554996336 41
1638638260956 0.43801178334078666 42
1638638284881 0.43725799839711355 43
1638638309825 0.43980059068968336 44
1638638334715 0.439780829581873 45
1638638358450 0.44146023497983433 46
1638638382363 0.4381781773809473 47
1638638407463 0.4424525848643609 48
1638638431349 0.4420911575781556 49
1638638454991 0.4403046413946372 50
