1638637287529 2.5536808375490785 1
1638637313280 2.3642757879436536 2
1638637337133 2.298794568463634 3
1638637361320 2.2612724022065764 4
1638637387787 2.2342758200908217 5
1638637412257 2.2202932022918884 6
1638637435730 2.1953803388528197 7
1638637459011 2.179089975226281 8
1638637482330 2.1719294974807495 9
1638637505998 2.1640630777100314 10
1638637529781 2.1436770008404564 11
1638637551020 2.1390312327508894 12
1638637572263 2.1195194521747527 13
1638637593718 2.1131464041073285 14
1638637615075 2.1138657158706446 15
1638637636237 2.1011846195306503 16
1638637657794 2.092869710623696 17
1638637679106 2.0776773246457436 18
1638637700669 2.079402646507293 19
1638637722175 2.073488370449014 20
1638637743296 2.0627355726640686 21
1638637764263 2.0613998939720717 22
1638637786441 2.051342064507127 23
1638637813858 2.0606595865734567 24
1638637840777 2.0551465037341257 25
1638637868330 2.0494049031888943 26
1638637891818 2.0398234813540244 27
1638637914915 2.0397766061268205 28
1638637938870 2.0316213073900475 29
1638637963407 2.029594669561777 30
1638637987994 2.0276399706283397 31
1638638013912 2.026350777261434 32
1638638038078 2.0334385532096744 33
1638638063189 2.018784905375615 34
1638638087823 2.028252190586687 35
1638638112281 2.017236594719499 36
1638638138503 2.012313755061917 37
1638638164053 2.0272081027209814 38
1638638188087 2.02284785207747 39
1638638211557 2.0151537833501942 40
1638638236833 2.012826933626847 41
1638638260953 2.011868226318025 42
1638638284877 2.0101723519256547 43
1638638309821 2.0032533485633093 44
1638638334710 2.007318975115718 45
1638638358445 2.0034204273977725 46
1638638382359 2.008498440722653 47
1638638407458 2.0017033682651917 48
1638638431344 1.9982117923527816 49
1638638454987 2.0104701437579404 50
