1638637859931 0.2857142857142857 0
1638637927083 0.36507936507936506 1
1638637993818 0.3333333333333333 2
1638638061441 0.38095238095238093 3
1638638128478 0.38095238095238093 4
1638638195570 0.3968253968253968 5
1638638261711 0.4126984126984127 6
1638638327721 0.47619047619047616 7
1638638393266 0.4603174603174603 8
1638638459347 0.47619047619047616 9
1638638523758 0.49206349206349204 10
1638638587993 0.4603174603174603 11
1638638653053 0.4603174603174603 12
1638638716080 0.4444444444444444 13
1638638779294 0.42857142857142855 14
1638638842490 0.47619047619047616 15
1638638905656 0.5873015873015873 16
1638638968624 0.4444444444444444 17
1638639031779 0.3968253968253968 18
1638639094767 0.4603174603174603 19
1638639157735 0.5079365079365079 20
1638639220751 0.4444444444444444 21
1638639284102 0.5079365079365079 22
1638639347322 0.5079365079365079 23
1638639410540 0.49206349206349204 24
1638639473627 0.47619047619047616 25
1638639536753 0.4603174603174603 26
1638639601743 0.47619047619047616 27
1638639666763 0.4603174603174603 28
1638639730607 0.49206349206349204 29
1638639794476 0.5396825396825397 30
1638639858374 0.6031746031746031 31
1638639922367 0.5079365079365079 32
1638639986598 0.3968253968253968 33
1638640050666 0.4444444444444444 34
1638640114721 0.5238095238095238 35
1638640178890 0.5238095238095238 36
1638640243156 0.5714285714285714 37
1638640307083 0.5396825396825397 38
1638640370887 0.5396825396825397 39
1638640434605 0.5238095238095238 40
1638640498816 0.5079365079365079 41
1638640564029 0.5555555555555556 42
1638640629089 0.5555555555555556 43
1638640693511 0.5714285714285714 44
1638640757958 0.6190476190476191 45
1638640822975 0.5396825396825397 46
1638640887067 0.49206349206349204 47
1638640951023 0.5238095238095238 48
1638641014940 0.5396825396825397 49
1638641078987 0.6031746031746031 50
1638641143036 0.5238095238095238 51
1638641207460 0.5714285714285714 52
1638641269003 0.5238095238095238 53
1638641326023 0.5396825396825397 54
1638641383118 0.5714285714285714 55
1638641440234 0.5396825396825397 56
1638641497436 0.5873015873015873 57
1638641554653 0.5238095238095238 58
1638641611871 0.49206349206349204 59
1638641669088 0.5396825396825397 60
1638641726797 0.5079365079365079 61
1638641784429 0.5555555555555556 62
1638641841737 0.5079365079365079 63
1638641899077 0.5555555555555556 64
1638641959137 0.47619047619047616 65
1638642017506 0.6349206349206349 66
1638642074309 0.5555555555555556 67
1638642131585 0.6349206349206349 68
1638642188988 0.5714285714285714 69
1638642246593 0.5555555555555556 70
1638642304184 0.49206349206349204 71
1638642361552 0.6031746031746031 72
1638642418672 0.5555555555555556 73
1638642475910 0.6031746031746031 74
1638642535362 0.5555555555555556 75
1638642597096 0.5555555555555556 76
1638642657156 0.5714285714285714 77
1638642716964 0.6349206349206349 78
1638642776642 0.6190476190476191 79
1638642836350 0.5555555555555556 80
