1638637859946 71.54273867607117 0
1638637927092 66.65679883956909 1
1638637993827 66.41495561599731 2
1638638061451 67.25920701026917 3
1638638128490 66.70717453956604 4
1638638195580 66.7366054058075 5
1638638261719 65.82502388954163 6
1638638327730 65.71033000946045 7
1638638393275 65.21864438056946 8
1638638459358 65.72229814529419 9
1638638523767 64.0921642780304 10
1638638588002 63.92463254928589 11
1638638653062 64.75439453125 12
1638638716089 62.71784067153931 13
1638638779303 62.914318799972534 14
1638638842501 62.890867710113525 15
1638638905665 62.8679473400116 16
1638638968634 62.66646718978882 17
1638639031788 62.8235559463501 18
1638639094779 62.691418170928955 19
1638639157746 62.649537086486816 20
1638639220760 62.70686936378479 21
1638639284112 63.03248882293701 22
1638639347331 62.91632699966431 23
1638639410550 62.890867471694946 24
1638639473636 62.788142681121826 25
1638639536762 62.822051763534546 26
1638639601753 64.69304990768433 27
1638639666772 64.71598863601685 28
1638639730617 63.5491259098053 29
1638639794485 63.56756901741028 30
1638639858385 63.59299063682556 31
1638639922376 63.68574285507202 32
1638639986607 63.918627977371216 33
1638640050675 63.77251100540161 34
1638640114731 63.7580771446228 35
1638640178900 63.85679483413696 36
1638640243165 63.97097969055176 37
1638640307093 63.59400820732117 38
1638640370897 63.470842599868774 39
1638640434615 63.418965339660645 40
1638640498825 63.9131338596344 41
1638640564039 64.90749263763428 42
1638640629098 64.74093747138977 43
1638640693519 64.08669114112854 44
1638640757967 64.13554000854492 45
1638640822985 64.69703841209412 46
1638640887076 63.78547477722168 47
1638640951033 63.6288948059082 48
1638641014950 63.5820209980011 49
1638641078997 63.72614669799805 50
1638641143046 63.736117362976074 51
1638641207470 64.10262799263 52
1638641269013 61.221330881118774 53
1638641326032 56.705424547195435 54
1638641383128 56.78421115875244 55
1638641440246 56.78419256210327 56
1638641497446 56.86896729469299 57
1638641554663 56.91834354400635 58
1638641611884 56.90686511993408 59
1638641669097 56.91284990310669 60
1638641726807 57.37213134765625 61
1638641784438 57.329243421554565 62
1638641841747 57.00460457801819 63
1638641899087 57.041656494140625 64
1638641959146 59.73780560493469 65
1638642017515 58.04034471511841 66
1638642074319 56.54782485961914 67
1638642131594 57.006611585617065 68
1638642188998 57.15820550918579 69
1638642246603 57.34972953796387 70
1638642304193 57.34671711921692 71
1638642361563 57.07146096229553 72
1638642418682 56.8615198135376 73
1638642475919 56.99216938018799 74
1638642535374 59.20622444152832 75
1638642597107 61.46071243286133 76
1638642657167 59.76422667503357 77
1638642716974 59.51142644882202 78
1638642776652 59.390732288360596 79
1638642836364 59.4251344203949 80
