1638637859941 0.0009203865623561895 0
1638637927089 0.0008524422470377632 1
1638637993825 0.0007938398031277289 2
1638638061448 0.0007427764985515858 3
1638638128487 0.0006978854072161351 4
1638638195577 0.0006581112207963146 5
1638638261717 0.000622626237469647 6
1638638327727 0.0005907721391859161 7
1638638393272 0.0005620187714269657 8
1638638459354 0.0005359344016292407 9
1638638523764 0.0005121638924455825 10
1638638587999 0.0004904124368593987 11
1638638653059 0.00047043326904078653 12
1638638716086 0.00045201826153776616 13
1638638779300 0.00043499064770107437 14
1638638842496 0.0004191993292810731 15
1638638905662 0.00040451438048622626 16
1638638968631 0.00039082346504084106 17
1638639031785 0.00037802895701810764 18
1638639094776 0.0003660456092829166 19
1638639157743 0.0003547986517651233 20
1638639220757 0.00034422222987160513 21
1638639284109 0.0003342581141157202 22
1638639347328 0.0003248546275541695 23
1638639410547 0.0003159657493127745 24
1638639473633 0.00030755036137167463 25
1638639536759 0.00029957161259399056 26
1638639601750 0.00029199637924489735 27
1638639666769 0.00028479480534275055 28
1638639730614 0.00027793990939158953 29
1638639794482 0.00027140724657348346 30
1638639858381 0.00026517461748561426 31
1638639922373 0.00025922181610804363 32
1638639986604 0.0002535304109727962 33
1638640050672 0.0002480835545411695 34
1638640114728 0.00024286581663630848 35
1638640178897 0.0002378630384624533 36
1638640243162 0.00023306220430232828 37
1638640307090 0.00022845132844447492 38
1638640370894 0.0002240193552722955 39
1638640434612 0.00021975607076145482 40
1638640498822 0.00021565202389424424 41
1638640564036 0.00021169845671825053 42
1638640629095 0.00020788724195996093 43
1638640693516 0.0002042108272580612 44
1638640757964 0.00020066218521119694 45
1638640822982 0.00019723476854499911 46
1638640887073 0.00019392246979657536 47
1638640951030 0.00019071958499418303 48
1638641014947 0.00018762078087769 49
1638641078994 0.00018462106526354657 50
1638641143043 0.00018171576020788283 51
1638641207467 0.00017890047766427536 52
1638641269010 0.0001761710973697655 53
1638641326030 0.00017352374672473928 54
1638641383125 0.00017095478246003932 55
1638641440242 0.00016846077390879533 56
1638641497443 0.00016603848772145383 57
1638641554659 0.00016368487388080467 58
1638641611879 0.00016139705288981425 59
1638641669094 0.00015917230401910065 60
1638641726804 0.0001570080545131965 61
1638641784435 0.00015490186966556684 62
1638641841744 0.00015285144368188557 63
1638641899084 0.00015085459125948496 64
1638641959143 0.00014890923981833071 65
1638642017512 0.0001470134223254583 66
1638642074316 0.00014516527066064713 67
1638642131591 0.00014336300947629491 68
1638642188995 0.0001416049505090698 69
1638642246600 0.000139889487305029 70
1638642304190 0.00013821509032356153 71
1638642361560 0.0001365803023887895 72
1638642418679 0.00013498373445999757 73
1638642475916 0.00013342406169528613 74
1638642535370 0.00013190001978500296 75
1638642597104 0.00013041040153362633 76
1638642657164 0.00012895405367067714 77
1638642716971 0.00012752987387295472 78
1638642776649 0.00012613680798193722 79
1638642836358 0.00012477384740158465 80
