1638637859936 2.5989499400712317 0
1638637927086 2.5003788007106094 1
1638637993821 2.4276007853727797 2
1638638061445 2.237086819625444 3
1638638128483 2.3004750267559304 4
1638638195574 2.1634282034657395 5
1638638261714 1.9706292913369738 6
1638638327725 2.015098904532867 7
1638638393269 2.0372382423202513 8
1638638459351 1.9782241950830939 9
1638638523761 1.9605888950618071 10
1638638587997 2.0932190087584712 11
1638638653056 2.075022900663795 12
1638638716083 1.9682803881598783 13
1638638779297 2.1284140280615493 14
1638638842493 2.013941420529421 15
1638638905659 1.7045045608942613 16
1638638968628 1.942351360282938 17
1638639031782 1.973985200440738 18
1638639094773 1.9350486210695508 19
1638639157739 1.875995660015179 20
1638639220754 1.9049734129053228 21
1638639284106 1.8429192193078612 22
1638639347325 1.8194063590896223 23
1638639410544 1.8945527167164353 24
1638639473630 1.889186215242267 25
1638639536756 1.822247582536798 26
1638639601747 1.8293541076475803 27
1638639666766 2.022780981346748 28
1638639730611 1.7397644361713611 29
1638639794479 1.822080014304607 30
1638639858378 1.7731093877599888 31
1638639922370 1.9175693364165642 32
1638639986601 1.9127135820143013 33
1638640050669 1.7568800092347454 34
1638640114725 1.726772315537357 35
1638640178894 1.777668190725706 36
1638640243159 1.7649689213161714 37
1638640307087 1.6712690523540097 38
1638640370890 1.8067157120461677 39
1638640434608 1.580746059294902 40
1638640498819 1.624238480474561 41
1638640564033 1.7429508427355003 42
1638640629092 1.7590954163188057 43
1638640693513 1.9348095270212164 44
1638640757961 1.5516201947894264 45
1638640822979 1.5926550186298642 46
1638640887070 1.8626898923573438 47
1638640951027 1.7529852093526255 48
1638641014943 1.7062104351431606 49
1638641078991 1.4699046967420384 50
1638641143040 1.753081451048129 51
1638641207464 1.5680112599380767 52
1638641269007 1.701007536398666 53
1638641326026 1.7270778894749594 54
1638641383122 1.7231694834487465 55
1638641440238 1.8537667256586692 56
1638641497440 1.665646862131907 57
1638641554656 1.675375918219493 58
1638641611875 1.7679992439783443 59
1638641669091 1.7476603650312412 60
1638641726801 1.4329652852153898 61
1638641784432 1.56128320534596 62
1638641841741 1.766162966432601 63
1638641899080 1.6971759983120414 64
1638641959140 1.8994015633564383 65
1638642017509 1.5289143175654383 66
1638642074312 1.5883278946916835 67
1638642131588 1.7122337387650304 68
1638642188992 1.4873362871865796 69
1638642246597 1.6836599274259865 70
1638642304187 1.7784265794023753 71
1638642361556 1.606822610557773 72
1638642418676 1.7773608971022756 73
1638642475913 1.5749316098406638 74
1638642535366 1.7713551504677247 75
1638642597100 1.6682239512238228 76
1638642657160 1.623347393919328 77
1638642716968 1.5733252072805222 78
1638642776646 1.4722833543018197 79
1638642836353 1.6258863091101121 80
