1637600229511 0.1015625 0
1637600230030 0.71875 100
1637600230666 0.78125 200
1637600231660 0.796875 300
1637600232283 0.796875 400
1637600232655 0.8125 468
1637600232722 0.8046875 0
1637600233233 0.8203125 200
1637600233723 0.8125 400
1637600234251 0.8359375 600
1637600234761 0.7890625 800
1637600235120 0.8125 936
1637600235194 0.8046875 0
1637600235679 0.859375 300
1637600236167 0.84375 600
1637600236638 0.84375 900
1637600237122 0.8046875 1200
1637600237451 0.8645833333333334 1404
1637600237519 0.84375 0
1637600238015 0.8828125 400
1637600238498 0.8671875 800
1637600239013 0.8671875 1200
1637600239514 0.8359375 1600
1637600239866 0.875 1872
1637600239938 0.828125 0
1637600240408 0.8359375 500
1637600240892 0.8203125 1000
1637600241361 0.875 1500
1637600241832 0.859375 2000
1637600242157 0.8020833333333334 2340
1637600242225 0.7890625 0
1637600242684 0.8515625 600
1637600243155 0.8359375 1200
1637600243771 0.875 1800
1637600244249 0.8828125 2400
1637600244568 0.875 2808
1637600244637 0.8515625 0
1637600245116 0.859375 700
1637600245580 0.8203125 1400
1637600246058 0.8828125 2100
1637600246526 0.828125 2800
1637600246854 0.8854166666666666 3276
1637600246929 0.84375 0
1637600247378 0.890625 800
1637600247818 0.8515625 1600
1637600248273 0.859375 2400
1637600248712 0.859375 3200
1637600249033 0.875 3744
1637600249114 0.828125 0
1637600249547 0.859375 900
1637600249991 0.84375 1800
1637600250430 0.859375 2700
1637600250871 0.8515625 3600
1637600251171 0.84375 4212
1637600251241 0.8671875 0
1637600251679 0.8828125 1000
1637600252122 0.90625 2000
1637600252556 0.921875 3000
1637600252998 0.8671875 4000
1637600253304 0.8854166666666666 4680
