1637600229519 0.001 0
1637600230036 0.0009950248756218907 100
1637600230672 0.0009900990099009901 200
1637600231667 0.0009852216748768474 300
1637600232289 0.000980392156862745 400
1637600232661 0.0009771350400625367 468
1637600232728 0.0009770873027505008 0
1637600233239 0.000972337012008362 200
1637600233728 0.0009676326866321544 400
1637600234257 0.0009629736626703259 600
1637600234767 0.0009583592888974076 800
1637600235125 0.0009552466924583273 936
1637600235199 0.0009552010698251983 0
1637600235685 0.0009506607091928891 300
1637600236173 0.0009461633077869241 600
1637600236644 0.0009417082587814295 900
1637600237128 0.0009372949667260287 1200
1637600237456 0.000934317481080071 1404
1637600237525 0.0009342738356612324 0
1637600238021 0.0009299297903008323 400
1637600238504 0.0009256259545517657 800
1637600239019 0.0009213617727000506 1200
1637600239520 0.0009171366992250195 1600
1637600239873 0.0009142857142857143 1872
1637600239944 0.0009142439202779302 0
1637600240416 0.0009100837277029487 500
1637600240898 0.0009059612248595759 1000
1637600241366 0.0009018759018759019 1500
1637600241839 0.0008978272580355541 2000
1637600242163 0.0008950948800572861 2340
1637600242231 0.0008950548221078541 0
1637600242690 0.0008910670527957228 600
1637600243161 0.0008871146595697493 1200
1637600243776 0.0008831971737690439 1800
1637600244255 0.0008793141349747197 2400
1637600244574 0.0008766931135755929 2808
1637600244642 0.0008766546857192952 0
1637600245122 0.0008728288382648163 700
1637600245587 0.0008690362388111585 1400
1637600246064 0.000865276455827637 2100
1637600246532 0.0008615490652192642 2800
1637600246861 0.0008590327291469806 3276
1637600246935 0.0008589958338702057 0
1637600247386 0.0008553222426549203 800
1637600247825 0.0008516799386790444 1600
1637600248280 0.0008480685239367342 2400
1637600248718 0.0008444876071443652 3200
1637600249041 0.0008420698075870489 3744
1637600249120 0.0008420343550016842 0
1637600249553 0.0008385041086701324 900
1637600249998 0.0008350033400133601 1800
1637600250436 0.0008315316813570598 2700
1637600250877 0.0008280887711162637 3600
1637600251178 0.0008257638315441783 4212
1637600251248 0.0008257297386565378 0
1637600251685 0.0008223346079519756 1000
1637600252128 0.0008189672822570738 2000
1637600252562 0.0008156274213939073 3000
1637600253005 0.0008123146907111816 4000
1637600253311 0.000810077362388108 4680
