1637600229514 3.637664140477742 0
1637600230033 0.7435027975207716 100
1637600230669 0.6814508664277653 200
1637600231663 0.5733656644747362 300
1637600232287 0.5499417703010026 400
1637600232658 0.4850565696748359 468
1637600232725 0.5985776658126354 0
1637600233236 0.5178445840186299 200
1637600233725 0.6196531338918504 400
1637600234254 0.4568508027022159 600
1637600234764 0.4608635749713421 800
1637600235122 0.4592353865269169 936
1637600235197 0.5131002130658336 0
1637600235682 0.46287946499053423 300
1637600236170 0.4918587928709005 600
1637600236641 0.4101649649421791 900
1637600237125 0.43992618618079143 1200
1637600237454 0.3685198188279503 1404
1637600237522 0.45044822993678757 0
1637600238018 0.3634998565374217 400
1637600238501 0.4412344161966301 800
1637600239016 0.3787454735888198 1200
1637600239517 0.39152971131744896 1600
1637600239870 0.3561631189664782 1872
1637600239941 0.4490268946807091 0
1637600240414 0.46829913914257926 500
1637600240895 0.5563756352635228 1000
1637600241364 0.37634177992649126 1500
1637600241836 0.2993772952479899 2000
1637600242160 0.4198561962798495 2340
1637600242228 0.5110600141534897 0
1637600242687 0.3537332551199908 600
1637600243158 0.4708318413177632 1200
1637600243774 0.481300009160502 1800
1637600244252 0.3434607636121315 2400
1637600244571 0.37260422424581846 2808
1637600244639 0.41585386558045173 0
1637600245119 0.41377759873722 700
1637600245584 0.4428156074260418 1400
1637600246062 0.33374155852599363 2100
1637600246529 0.3660525426821092 2800
1637600246857 0.3419523540423078 3276
1637600246932 0.43397117040150324 0
1637600247383 0.3923018415171543 800
1637600247822 0.46253238473105585 1600
1637600248277 0.3823263292263174 2400
1637600248715 0.33966696879144836 3200
1637600249037 0.35481708469411216 3744
1637600249117 0.41801049993125844 0
1637600249550 0.33956169327139774 900
1637600249995 0.44777115893003683 1800
1637600250433 0.3696836961030431 2700
1637600250874 0.3541162117136824 3600
1637600251174 0.32708042993289427 4212
1637600251245 0.44094523770557903 0
1637600251682 0.3281300502380179 1000
1637600252125 0.3790056046186103 2000
1637600252559 0.30928331391964425 3000
1637600253001 0.3290162190854336 4000
1637600253307 0.28855959469530273 4680
