1638498052611 0.11136782117661713 0
1638498078520 0.11080551929556566 0
1638498104376 0.10141362110314342 0
1638498130218 0.0942796708875998 0
1638498156149 0.0934452498579301 0
1638498182074 0.09122109826589596 0
1638498207909 0.09015767760359483 0
1638498233727 0.09232530766139829 0
1638498259717 0.09089711914861823 0
1638498285575 0.09366317825510323 0
1638498311430 0.09185565448220755 0
1638498337488 0.09145592485549132 0
1638498363272 0.08966996084058905 0
1638498389139 0.09124149263249656 0
1638498415024 0.090266059106485 0
1638498440903 0.08961577008914397 0
1638498466711 0.08954584653666943 0
1638498492587 0.09203629032035783 0
1638498518451 0.09291907514450867 0
1638498544305 0.09084292839717313 0
1638498570188 0.09082369942196532 0
1638498596010 0.09525510441361135 0
1638498621935 0.09064422897520782 0
1638498647746 0.0899082836043628 0
1638498673611 0.09131840853332784 0
1638498699459 0.09107775498676851 0
1638498725223 0.09104395860192403 0
1638498751143 0.09323081763493532 0
1638498776922 0.09237716763005781 0
1638498802775 0.09162199328400496 0
1638498828670 0.08999627074065236 0
1638498854507 0.09250943967372696 0
1638498880380 0.09335609733024773 0
1638498906223 0.09205785007835124 0
1638498932324 0.09155090434013764 0
1638498958122 0.09183759089839252 0
1638498983978 0.09319235968451968 0
1638499009800 0.09200016315272777 0
1638499035712 0.09098860245908616 0
1638499061667 0.09161849710982659 0
1638499087435 0.09199899776133498 0
1638499113282 0.09287071135002754 0
1638499139165 0.09250943967372696 0
1638499165135 0.09167851481823563 0
1638499191004 0.09232530766139829 0
1638499216905 0.09088138634758877 0
1638499242727 0.09250710889094138 0
1638499268542 0.0905201146712882 0
1638499294454 0.09275883367295899 0
1638499320323 0.09028645347308561 0
1638499346179 0.09086099198098817 0
1638499372002 0.09267201192806222 0
1638499397816 0.09135103952677953 0
1638499423751 0.09200016315272777 0
1638499449573 0.09149321741451417 0
1638499475404 0.0909524752914561 0
1638499501312 0.09200249393551335 0
1638499527569 0.09113544191239197 0
1638499553582 0.09314049971586018 0
1638499579384 0.09234570202799891 0
1638499605269 0.09106202218573907 0
1638499631120 0.09232763844418387 0
1638499657078 0.09102589501810901 0
1638499682983 0.09124149263249656 0
1638499708970 0.0907199794846463 0
1638499734731 0.09324771582735757 0
1638499760613 0.09200016315272777 0
1638499786503 0.09201706134515002 0
1638499812448 0.09247098172331132 0
1638499838281 0.0932331484177209 0
1638499864105 0.0910270604095018 0
1638499889983 0.09148447696184148 0
1638499915850 0.08921837124521333 0
1638499941738 0.09160509509158273 0
1638499967519 0.09060926719897056 0
1638499993521 0.09192557803468208 0
1638500019719 0.09005046149209744 0
1638500046062 0.09088371713037435 0
1638500072419 0.0908778901734104 0
1638500098558 0.09028528808169282 0
1638500124819 0.08972298620064134 0
1638500150754 0.09098976785047895 0
1638500176578 0.09129684877533444 0
1638500202372 0.09104162781913845 0
1638500228113 0.09081029740372146 0
1638500254012 0.09185798526499313 0
1638500279779 0.09299249487116158 0
1638500305656 0.09113660730378476 0
1638500331530 0.09019730094540326 0
1638500357585 0.09024799552266997 0
1638500383437 0.09373193641618498 0
1638500409253 0.09086215737238096 0
1638500435249 0.09059469978933389 0
1638500461014 0.08914378612716763 0
1638500486955 0.09084525917995871 0
1638500512869 0.09028412269030003 0
1638500538841 0.09173154017828793 0
1638500564820 0.09010581763493532 0
1638500590634 0.09207358287938068 0
1638500616582 0.09162199328400496 0
