1638498052605 3.679691014832909 0
1638498078515 3.5544722072861874 0
1638498104370 3.515228826831991 0
1638498130212 3.5082285608464376 0
1638498156143 3.5130306438813057 0
1638498182069 3.535393091884507 0
1638498207903 3.5343593310751333 0
1638498233721 3.5284447111200814 0
1638498259711 3.537418802528251 0
1638498285569 3.5300061758360854 0
1638498311424 3.5246124089777946 0
1638498337482 3.5318140108887395 0
1638498363266 3.5335879963335937 0
1638498389133 3.5394575033410742 0
1638498415019 3.529071677484584 0
1638498440897 3.5234512672454996 0
1638498466705 3.5361830574131967 0
1638498492581 3.535682883141027 0
1638498518445 3.529313321667499 0
1638498544299 3.531684417120623 0
1638498570179 3.536316733091651 0
1638498596004 3.528549106694152 0
1638498621929 3.538438907667556 0
1638498647740 3.5383695448783157 0
1638498673605 3.5286127480709553 0
1638498699453 3.5395894906029888 0
1638498725217 3.532227050360252 0
1638498751137 3.528868601103996 0
1638498776916 3.5278197043884956 0
1638498802769 3.529670945351857 0
1638498828665 3.5371156311057566 0
1638498854501 3.5480143004194424 0
1638498880374 3.526271397695973 0
1638498906217 3.5392691129494187 0
1638498932318 3.536581822645831 0
1638498958114 3.5463460526383717 0
1638498983972 3.530943023787235 0
1638499009794 3.5291624689187495 0
1638499035706 3.5348043198859322 0
1638499061661 3.5303878777758886 0
1638499087429 3.538332183415307 0
1638499113277 3.5410919498082523 0
1638499139159 3.528898129012533 0
1638499165129 3.5352333018412043 0
1638499190998 3.532746203560598 0
1638499216899 3.5361937455784345 0
1638499242721 3.5304749158077415 0
1638499268536 3.5332876974182335 0
1638499294449 3.5371102022190017 0
1638499320317 3.5307616097859826 0
1638499346173 3.5282087796621293 0
1638499371996 3.537388519981625 0
1638499397809 3.5437221628367284 0
1638499423746 3.5376353764074198 0
1638499449567 3.536707402969175 0
1638499475398 3.537509023118692 0
1638499501306 3.530923683600636 0
1638499527563 3.538649566174372 0
1638499553576 3.528537147645459 0
1638499579378 3.528033194507543 0
1638499605263 3.5367201203317586 0
1638499631114 3.5311395367297576 0
1638499657071 3.5279530299091886 0
1638499682977 3.5246837798963946 0
1638499708964 3.541957033633505 0
1638499734725 3.538265750765281 0
1638499760607 3.5382830455560152 0
1638499786497 3.5370773000327778 0
1638499812442 3.525669232401099 0
1638499838275 3.5366555309731753 0
1638499864099 3.5349292062843896 0
1638499889977 3.5393695716887903 0
1638499915844 3.5316081423084373 0
1638499941732 3.529761507046299 0
1638499967513 3.543933430298389 0
1638499993515 3.529987836717075 0
1638500019713 3.5398587630464604 0
1638500046056 3.530379609003118 0
1638500072413 3.537337024033437 0
1638500098552 3.5304299534775208 0
1638500124813 3.5338655554634406 0
1638500150748 3.541042858751863 0
1638500176573 3.5331176628138166 0
1638500202366 3.5379415764745654 0
1638500228106 3.5359278499594238 0
1638500254006 3.5267478634603675 0
1638500279772 3.5325378448857547 0
1638500305649 3.532211510296993 0
1638500331523 3.52735103595491 0
1638500357579 3.5345549479409457 0
1638500383431 3.539815198912553 0
1638500409246 3.537822208336972 0
1638500435243 3.5261186938689435 0
1638500461007 3.529364289002737 0
1638500486948 3.5334094128629476 0
1638500512862 3.5322231818920065 0
1638500538835 3.545408724501767 0
1638500564814 3.5384805077429324 0
1638500590627 3.533973239082542 0
1638500616575 3.523122101979617 0
