1638479849547 0.385242634701591 0
1638479875272 0.47638914784944125 0
1638479901085 0.5162047827863969 0
1638479926977 0.5394957346723259 0
1638479952636 0.5530206973842113 0
1638479978275 0.5649741282697358 0
1638480004226 0.5715877307632755 0
1638480030519 0.5809300997353702 0
1638480056277 0.5889514963750895 0
1638480081896 0.592392317718164 0
1638480107549 0.5976208511804569 0
1638480133356 0.5996538784118057 0
1638480159175 0.6041610339473438 0
1638480184958 0.6035591086900303 0
1638480210584 0.6082375768981227 0
1638480236235 0.610027037121657 0
1638480262023 0.6139911196824444 0
1638480287770 0.6164611690995321 0
1638480313581 0.6163154950720726 0
1638480339322 0.6158674016164217 0
1638480364986 0.6189673456842499 0
1638480390768 0.6212322860094853 0
1638480416541 0.6228737413538674 0
1638480442331 0.6257977111491164 0
1638480467960 0.6255821135691825 0
1638480493680 0.6277532397667107 0
1638480519399 0.6253857449300028 0
1638480545179 0.6286179610070466 0
1638480570893 0.6300618823553097 0
1638480596624 0.6323641152051143 0
1638480622430 0.6309901174782329 0
1638480648209 0.6332521443077594 0
1638480674008 0.6311998881356564 0
1638480699649 0.6347426813461877 0
1638480726485 0.6333675181934599 0
1638480753739 0.6331437628048693 0
1638480780250 0.6340166417849546 0
1638480806617 0.6342403971390917 0
1638480832945 0.636026361153994 0
1638480859234 0.6367827008914396 0
1638480885444 0.6367273447830553 0
1638480911797 0.636237297237264 0
1638480938254 0.6341996084058905 0
1638480964448 0.6379218720976327 0
1638480990687 0.6367669680904102 0
1638481016949 0.6386648098168346 0
1638481043360 0.6383577288919791 0
1638481069980 0.6385674995494026 0
1638481096571 0.6366574212305808 0
1638481122813 0.6369802349564657 0
1638481149106 0.6359471144703771 0
1638481175432 0.6403808502792623 0
1638481201737 0.6385482705397413 0
1638481227929 0.6419646186635674 0
1638481254127 0.6400568711275311 0
1638481280347 0.6406640406288853 0
1638481306665 0.6405579899087807 0
1638481333010 0.6433374510335096 0
1638481359248 0.6401256293230663 0
1638481385475 0.6414611690995321 0
1638481411829 0.64019671823248 0
1638481438118 0.6426714292151391 0
1638481463922 0.6400691077888356 0
1638481489524 0.641665695512915 0
1638481515468 0.6427256199665842 0
1638481541298 0.6412985968451969 0
1638481567036 0.6412071135691825 0
1638481592830 0.6431783749878062 0
1638481618462 0.6428374976781063 0
1638481644427 0.6417152246987888 0
1638481670144 0.6427833069266612 0
1638481695941 0.6451845981482136 0
1638481721742 0.6421633180855326 0
1638481747418 0.6424319410599725 0
1638481773164 0.6437348498774401 0
1638481798835 0.6434097053687696 0
1638481824638 0.6448786826492044 0
1638481850261 0.6440815541785576 0
1638481876012 0.6425449841284339 0
1638481901722 0.6421598219113542 0
1638481927592 0.6434324305181558 0
1638481954038 0.6467672011755794 0
1638481980350 0.6442441264328929 0
1638482006551 0.6427256199665842 0
1638482032331 0.6459782304791357 0
1638482058037 0.6446269578327334 0
1638482083766 0.6449835679434628 0
1638482109413 0.645612297237264 0
1638482135271 0.6429015942391633 0
1638482160910 0.6461396373076246 0
1638482186595 0.645016198971368 0
1638482212313 0.64603358658752 0
1638482238016 0.6444824491622131 0
1638482263696 0.6471377959830223 0
1638482289361 0.6443851388947812 0
1638482315101 0.6467007738317369 0
1638482340753 0.6461699375182907 0
1638482366404 0.6425630477122489 0
1638482392046 0.6457772002743848 0
1638482417823 0.6457387423239691 0
