1638479849542 2.2158592564320148 0
1638479875266 1.8166817962322876 0
1638479901080 1.6590935942761555 0
1638479926971 1.5679938219802647 0
1638479952630 1.5048812942217713 0
1638479978270 1.4607506992393453 0
1638480004221 1.4304384074119851 0
1638480030515 1.4032097702366626 0
1638480056271 1.3768403658450694 0
1638480081891 1.3579891589439992 0
1638480107543 1.3414929158270412 0
1638480133350 1.327740966038031 0
1638480159170 1.313976674393437 0
1638480184952 1.307705829861749 0
1638480210578 1.293784895943762 0
1638480236229 1.2872865709720773 0
1638480262018 1.280327317328021 0
1638480287765 1.2651019271352124 0
1638480313575 1.270230710604475 0
1638480339317 1.258250749895246 0
1638480364980 1.252505039275452 0
1638480390763 1.2481907060367525 0
1638480416536 1.250025748096908 0
1638480442325 1.2362735609752529 0
1638480467954 1.2337342609754085 0
1638480493674 1.2333705783275999 0
1638480519393 1.2294387905162494 0
1638480545173 1.2260296705636287 0
1638480570887 1.2210479573317334 0
1638480596618 1.215648700350987 0
1638480622424 1.2185278633797574 0
1638480648203 1.2144587230223005 0
1638480674002 1.2171355374155408 0
1638480699643 1.2105961858904108 0
1638480726478 1.2069904805070042 0
1638480753733 1.2076129843800123 0
1638480780244 1.2086926046499324 0
1638480806611 1.203951926186094 0
1638480832939 1.198194014195913 0
1638480859228 1.195191926436652 0
1638480885438 1.1984968919076784 0
1638480911791 1.2019708634719939 0
1638480938248 1.2013940539070378 0
1638480964442 1.1936500167304573 0
1638480990681 1.1926413538256573 0
1638481016943 1.1933908788563232 0
1638481043354 1.193040711257645 0
1638481069974 1.1975311452175876 0
1638481096565 1.1914052718404529 0
1638481122807 1.1917643150067276 0
1638481149099 1.1925220190008194 0
1638481175426 1.186562337893379 0
1638481201731 1.1858671853407319 0
1638481227923 1.1798691334569207 0
1638481254121 1.1844583101291717 0
1638481280341 1.1860888585773346 0
1638481306659 1.179434200590806 0
1638481333004 1.1766426526548022 0
1638481359242 1.1822472775366193 0
1638481385468 1.1811389405445518 0
1638481411823 1.1855168492207935 0
1638481438112 1.1780850273056274 0
1638481463916 1.1795964359209363 0
1638481489518 1.176746900880098 0
1638481515462 1.171733104960936 0
1638481541292 1.1753780393146958 0
1638481567030 1.1759343541338363 0
1638481592824 1.1724873042736643 0
1638481618456 1.1747665991419354 0
1638481644421 1.1767184142294875 0
1638481670138 1.1728395047982778 0
1638481695935 1.175046971057922 0
1638481721736 1.1704851113418562 0
1638481747412 1.1724148741781455 0
1638481773158 1.1738314006839101 0
1638481798829 1.1731803527027371 0
1638481824632 1.1699241172279036 0
1638481850254 1.1721440464958988 0
1638481876005 1.1692640053104868 0
1638481901716 1.1732719576244384 0
1638481927586 1.1741347815538106 0
1638481954032 1.1680690438906807 0
1638481980344 1.1718006214400953 0
1638482006545 1.1690054889494657 0
1638482032325 1.1680774252235482 0
1638482058031 1.1667921884221029 0
1638482083760 1.1701624542973006 0
1638482109407 1.166461342713971 0
1638482135265 1.1652850838014512 0
1638482160904 1.1661535446299993 0
1638482186590 1.1673076243080567 0
1638482212308 1.1702345040346671 0
1638482238010 1.1672866829006951 0
1638482263690 1.1634737297606812 0
1638482289355 1.1670867312828632 0
1638482315095 1.1654286317875133 0
1638482340748 1.1679200529653577 0
1638482366398 1.166227059290458 0
1638482392040 1.169408390936425 0
1638482417817 1.1656301713966717 0
