1638627018421 0.39425960675260485 1
1638627039998 0.5089761125779868 2
1638627061633 0.5600739694770435 3
1638627082711 0.594876381562158 4
1638627104850 0.6210417697941734 5
1638627127093 0.6391555203025941 6
1638627148392 0.6589140227154826 7
1638627170618 0.6768668206541973 8
1638627192984 0.6872413876287932 9
1638627215042 0.700394820671434 10
1638627236308 0.7104451913756531 11
1638627257075 0.7180769777325504 12
1638627277939 0.7284151728654293 13
1638627299168 0.7333780678535444 14
1638627320503 0.7397815169418106 15
1638627342655 0.7498330332115121 16
1638627364132 0.7496348496259773 17
1638627385033 0.7578634778704434 18
1638627406578 0.762352679742126 19
1638627427958 0.7667940540484413 20
