1638627018418 2.174606082014534 1
1638627039994 1.692660897173829 2
1638627061630 1.4843318483192531 3
1638627082708 1.3476129095735414 4
1638627104846 1.2467603297363754 5
1638627127090 1.1646232456848038 6
1638627148389 1.100899080561621 7
1638627170615 1.0441056659306265 8
1638627192981 0.9965606683163896 9
1638627215038 0.9588068479486996 10
1638627236305 0.9162650173670968 11
1638627257073 0.8927562349503765 12
1638627277936 0.8581243856160176 13
1638627299165 0.8330358153789934 14
1638627320500 0.8147437806905758 15
1638627342652 0.7861404612031538 16
1638627364129 0.7745908504463921 17
1638627385029 0.7510567037749463 18
1638627406575 0.7359647227519194 19
1638627427955 0.7224429865727263 20
