1637600487845 0.0390625 0
1637600488328 0.71875 100
1637600488935 0.8203125 200
1637600489784 0.765625 300
1637600490357 0.796875 400
1637600490669 0.8333333333333334 468
1637600490733 0.765625 0
1637600491184 0.8046875 200
1637600491629 0.8359375 400
1637600492080 0.8203125 600
1637600492522 0.8359375 800
1637600492831 0.875 936
1637600492904 0.7890625 0
1637600493342 0.8671875 300
1637600493788 0.84375 600
1637600494241 0.84375 900
1637600494681 0.8359375 1200
1637600494998 0.8645833333333334 1404
1637600495074 0.828125 0
1637600495528 0.859375 400
1637600495992 0.828125 800
1637600496471 0.84375 1200
1637600497055 0.8046875 1600
1637600497412 0.8333333333333334 1872
1637600497489 0.8359375 0
1637600497976 0.875 500
1637600498516 0.859375 1000
1637600498972 0.875 1500
1637600499400 0.8359375 2000
1637600499684 0.8541666666666666 2340
1637600499750 0.8125 0
1637600500168 0.84375 600
1637600500579 0.8515625 1200
1637600501004 0.8671875 1800
1637600501419 0.8671875 2400
1637600501707 0.8333333333333334 2808
1637600501772 0.8046875 0
1637600502194 0.875 700
1637600502609 0.8515625 1400
1637600503038 0.8671875 2100
1637600503452 0.8515625 2800
1637600503742 0.8645833333333334 3276
1637600503811 0.84375 0
1637600504229 0.875 800
1637600504639 0.84375 1600
1637600505059 0.859375 2400
1637600505467 0.8203125 3200
1637600505759 0.8541666666666666 3744
1637600505828 0.8515625 0
1637600506240 0.890625 900
1637600506672 0.828125 1800
1637600507161 0.890625 2700
1637600507641 0.8359375 3600
1637600507969 0.8958333333333334 4212
1637600508039 0.84375 0
1637600508507 0.8671875 1000
1637600508981 0.8671875 2000
1637600509441 0.8828125 3000
1637600509925 0.890625 4000
1637600510244 0.8854166666666666 4680
1637600510351 0.8125 0
1637600510779 0.859375 1100
1637600511188 0.890625 2200
1637600511581 0.859375 3300
1637600511980 0.859375 4400
1637600512252 0.875 5148
