1637600487853 0.001 0
1637600488333 0.0009950248756218907 100
1637600488943 0.0009900990099009901 200
1637600489792 0.0009852216748768474 300
1637600490363 0.000980392156862745 400
1637600490675 0.0009771350400625367 468
1637600490738 0.0009770873027505008 0
1637600491190 0.000972337012008362 200
1637600491635 0.0009676326866321544 400
1637600492086 0.0009629736626703259 600
1637600492527 0.0009583592888974076 800
1637600492837 0.0009552466924583273 936
1637600492910 0.0009552010698251983 0
1637600493348 0.0009506607091928891 300
1637600493794 0.0009461633077869241 600
1637600494246 0.0009417082587814295 900
1637600494687 0.0009372949667260287 1200
1637600495004 0.000934317481080071 1404
1637600495080 0.0009342738356612324 0
1637600495534 0.0009299297903008323 400
1637600495998 0.0009256259545517657 800
1637600496478 0.0009213617727000506 1200
1637600497062 0.0009171366992250195 1600
1637600497418 0.0009142857142857143 1872
1637600497496 0.0009142439202779302 0
1637600497983 0.0009100837277029487 500
1637600498522 0.0009059612248595759 1000
1637600498978 0.0009018759018759019 1500
1637600499405 0.0008978272580355541 2000
1637600499690 0.0008950948800572861 2340
1637600499755 0.0008950548221078541 0
1637600500174 0.0008910670527957228 600
1637600500585 0.0008871146595697493 1200
1637600501010 0.0008831971737690439 1800
1637600501425 0.0008793141349747197 2400
1637600501712 0.0008766931135755929 2808
1637600501778 0.0008766546857192952 0
1637600502199 0.0008728288382648163 700
1637600502615 0.0008690362388111585 1400
1637600503044 0.000865276455827637 2100
1637600503458 0.0008615490652192642 2800
1637600503747 0.0008590327291469806 3276
1637600503817 0.0008589958338702057 0
1637600504235 0.0008553222426549203 800
1637600504645 0.0008516799386790444 1600
1637600505065 0.0008480685239367342 2400
1637600505473 0.0008444876071443652 3200
1637600505764 0.0008420698075870489 3744
1637600505834 0.0008420343550016842 0
1637600506246 0.0008385041086701324 900
1637600506678 0.0008350033400133601 1800
1637600507168 0.0008315316813570598 2700
1637600507647 0.0008280887711162637 3600
1637600507976 0.0008257638315441783 4212
1637600508045 0.0008257297386565378 0
1637600508513 0.0008223346079519756 1000
1637600508988 0.0008189672822570738 2000
1637600509447 0.0008156274213939073 3000
1637600509932 0.0008123146907111816 4000
1637600510251 0.000810077362388108 4680
1637600510358 0.0008100445524503849 0
1637600510786 0.0008067769261799112 1100
1637600511193 0.0008035355564483729 2200
1637600511587 0.0008003201280512204 3300
1637600511986 0.0007971303308090873 4400
1637600512258 0.0007949757532395262 5148
