1637600487849 3.2796234429067073 0
1637600488330 0.7171816658746533 100
1637600488940 0.6350235224251785 200
1637600489787 0.6136588885906469 300
1637600490360 0.4814929520367174 400
1637600490672 0.49418532906356855 468
1637600490736 0.562871024463425 0
1637600491187 0.4898352202294827 200
1637600491633 0.5521820944374204 400
1637600492084 0.49949628602289725 600
1637600492525 0.49579461426812016 800
1637600492834 0.36084889353352595 936
1637600492907 0.5358137848662052 0
1637600493345 0.4388552728063261 300
1637600493792 0.48668165010645237 600
1637600494244 0.3962310167552394 900
1637600494684 0.4033194397075116 1200
1637600495002 0.3897467148453526 1404
1637600495077 0.5001554248339609 0
1637600495530 0.44066189253226506 400
1637600495995 0.5111562727985112 800
1637600496475 0.430962172310897 1200
1637600497059 0.4269781331690957 1600
1637600497415 0.4028058103081593 1872
1637600497493 0.4217311785146476 0
1637600497979 0.4207783945499418 500
1637600498519 0.4350314087415221 1000
1637600498975 0.41334256288870547 1500
1637600499403 0.41371785620408263 2000
1637600499687 0.33425764145349346 2340
1637600499752 0.45280871411133555 0
1637600500171 0.4404885915894201 600
1637600500582 0.4336019144802648 1200
1637600501007 0.4004980253272842 1800
1637600501423 0.339875967037755 2400
1637600501710 0.39520147043587106 2808
1637600501775 0.5076346060144417 0
1637600502197 0.31659042649420155 700
1637600502612 0.41776702319186165 1400
1637600503041 0.37118648723116254 2100
1637600503455 0.3700717593388427 2800
1637600503745 0.362045497183382 3276
1637600503814 0.4745463859039685 0
1637600504232 0.396301755506445 800
1637600504642 0.36756642518123483 1600
1637600505062 0.39130433586619007 2400
1637600505470 0.38393700939574604 3200
1637600505762 0.39721749910758186 3744
1637600505832 0.4448689970484498 0
1637600506243 0.31046073363177706 900
1637600506675 0.41906947223518864 1800
1637600507165 0.3817998088109957 2700
1637600507644 0.3907213387509417 3600
1637600507972 0.33885273905535707 4212
1637600508043 0.44492113084200136 0
1637600508510 0.3743891480472959 1000
1637600508985 0.37499418811319585 2000
1637600509444 0.35567901835782434 3000
1637600509928 0.374381367402245 4000
1637600510247 0.36252961347414714 4680
1637600510355 0.47946874318183114 0
1637600510783 0.38179693634953593 1100
1637600511191 0.3740417870655366 2200
1637600511584 0.41080933033378664 3300
1637600511983 0.39627940219769386 4400
1637600512255 0.2880551662930539 5148
