1638832125305 0.697660474556719 1
1638835548466 0.7816753682373576 2
1638838969740 0.7962538458019323 3
1638842389006 0.8061503589497825 4
1638845664311 0.8108492215244756 5
1638848305144 0.8186899822571374 6
1638850596198 0.8209310320760473 7
1638852634014 0.8249388169001982 8
1638854475884 0.8291511280688247 9
1638854692656 0.8291126701184091 10
1638854920445 0.833411803066386 11
1638855142528 0.834668096228142 12
1638855366374 0.8411779787499092 13
1638855586734 0.8388873997451253 14
1638855803393 0.8379457626039583 15
1638856020529 0.8452999719994606 16
1638856238082 0.8449363695403744 17
1638856459728 0.8478457719604404 18
1638856678702 0.8458022562065566 19
1638856894274 0.8504119662191137 20
1638857109162 0.8505722076906634 21
1638857323641 0.8493112530322433 22
1638857538182 0.852323209963782 23
1638857752872 0.8517224501323148 24
1638857969747 0.8535684318211726 25
1638858198871 0.8559854559126617 26
1638858423481 0.8601121107277843 27
1638858642080 0.8590079013322819 28
1638858884959 0.8587311206525461 29
1638859117863 0.8583383833741867 30
1638859360095 0.8581058875673768 31
1638859594453 0.8597123811010681 32
1638859840301 0.861065984530256 33
1638860075415 0.8620437488390531 34
1638860326489 0.8614464851473108 35
1638860591555 0.8616259556285218 36
1638860860565 0.8655457533163832 37
1638861101429 0.8653989138630773 38
1638861344325 0.8676265615948363 39
1638861580026 0.8685658679532178 40
1638861826213 0.8658563303809634 41
1638862076741 0.8640319084156456 42
1638862331615 0.8694690471439692 43
1638862566457 0.86677757315553 44
1638862804483 0.8688525545114727 45
1638863035527 0.8683298760066832 46
1638863282319 0.8693053095326947 47
1638863517967 0.8687814656020589 48
1638863755330 0.8702481120308011 49
1638863990605 0.8690716483000386 50
1638864248402 0.8695774286468594 51
1638864486783 0.8723930169392183 52
1638864722682 0.8713080365533774 53
1638864962755 0.8726301743115993 54
1638865200963 0.8740391338491715 55
1638865443049 0.8706070529243161 56
1638865696022 0.8717019391886761 57
1638865939173 0.8701869289309992 58
1638866187904 0.8711815914666722 59
1638866437971 0.8736405696483017 60
1638866691376 0.875897352199334 61
1638866931072 0.8736574678062704 62
1638867167035 0.8730782677672502 63
1638867401777 0.8739668795139114 64
1638867656250 0.873835772861635 65
1638867910667 0.876910078318822 66
1638868162776 0.8762586238756345 67
1638868425322 0.8770545869893421 68
1638868732111 0.8773954642990421 69
1638869025918 0.8794570436367409 70
1638869295162 0.8785165718525131 71
1638869565042 0.8785550298029288 72
1638869831381 0.878483940893515 73
1638870092929 0.8787875256097386 74
1638870352545 0.8781733637600276 75
