1638832125301 1.033964731047654 1
1638835548460 0.7014458825389268 2
1638838969735 0.6531433288323696 3
1638842389001 0.6301271064787328 4
1638845664305 0.6094939558106371 5
1638848305140 0.5856573177292795 6
1638850596194 0.5792882337522272 7
1638852634010 0.5677656216089808 8
1638854475878 0.5515939933676854 9
1638854692652 0.5562197576972551 10
1638854920441 0.5380261085591768 11
1638855142522 0.5382785123409005 12
1638855366370 0.5113735572382998 13
1638855586731 0.5227521568860491 14
1638855803388 0.5175208823892505 15
1638856020525 0.5077219883587225 16
1638856238078 0.5021866256405514 17
1638856459723 0.4911713750562734 18
1638856678696 0.5008215280588564 19
1638856894270 0.48512489325285696 20
1638857109159 0.4881985648018333 21
1638857323637 0.4894361869285803 22
1638857538178 0.48258042975112575 23
1638857752867 0.4840525542321321 24
1638857969740 0.477499825031781 25
1638858198866 0.46936544244792333 26
1638858423477 0.4587807504628782 27
1638858642075 0.45847210397072136 28
1638858884955 0.45898914697951226 29
1638859117859 0.46400253898555294 30
1638859360091 0.46057033288019267 31
1638859594449 0.4587755236536125 32
1638859840296 0.44763999763263274 33
1638860075409 0.45304180445530945 34
1638860326475 0.4530407164014827 35
1638860591541 0.44929017815745986 36
1638860860546 0.43399509661675173 37
1638861101423 0.4395804836483416 38
1638861344320 0.43632833269795285 39
1638861580017 0.43070797376979847 40
1638861826207 0.43874589019576093 41
1638862076736 0.44068542771061725 42
1638862331609 0.42656385601951213 43
1638862566452 0.4378391369695978 44
1638862804478 0.427083000076141 45
1638863035521 0.4291996226782034 46
1638863282312 0.4266024168596863 47
1638863517962 0.43065434798251123 48
1638863755324 0.4235199588538186 49
1638863990600 0.4282166263600679 50
1638864248396 0.42184732762767535 51
1638864486778 0.41934417567571225 52
1638864722677 0.41941504173617344 53
1638864962744 0.41306759593494413 54
1638865200957 0.4156658753109282 55
1638865443043 0.41809774878605643 56
1638865696003 0.4211479188248477 57
1638865939168 0.42245033166451934 58
1638866187870 0.4194848964482232 59
1638866437965 0.4127949443981847 60
1638866691371 0.4079260607329571 61
1638866931062 0.4111933832954847 62
1638867167001 0.4154752609814961 63
1638867401772 0.41137267335378613 64
1638867656243 0.4176579781412197 65
1638867910661 0.4033543504225813 66
1638868162766 0.4030672514576741 67
1638868425295 0.40177826469647865 68
1638868732089 0.40260637972035873 69
1638869025891 0.3975054327182604 70
1638869295154 0.40219055442037666 71
1638869565023 0.4019125250583938 72
1638869831360 0.3997056203657089 73
1638870092911 0.3977894069890903 74
1638870352530 0.3975501665474008 75
