1638640795582 0.2967174841611545 1
1638640819223 0.3383609530350353 2
1638640842917 0.352797997087309 3
1638640866615 0.3537153121574371 4
1638640890514 0.360391693254266 5
1638640914177 0.3614914403157201 6
1638640937458 0.3658377323256629 7
1638640960622 0.3655161135948283 8
1638640983713 0.36650789069661366 9
1638641006979 0.37083929030366636 10
1638641030105 0.3712711701423412 11
1638641053173 0.37141637111783854 12
1638641076328 0.37110964478989394 13
1638641099560 0.37060387570230297 14
1638641122823 0.373185990141666 15
1638641146000 0.3740308479197306 16
1638641169048 0.37367142537311926 17
1638641192115 0.3735812117472532 18
1638641217136 0.3724439472785998 19
1638641242853 0.375401808641524 20
1638641268343 0.37449938599149296 21
1638641292473 0.3730943445589471 22
1638641316570 0.3742115615628333 23
1638641340623 0.37471847621590654 24
1638641364611 0.3742115615628333 25
1638641388845 0.3780220132708274 26
1638641413053 0.37477117243457336 27
1638641437230 0.3759442359622026 28
1638641461412 0.3747895015511171 29
1638641485488 0.3732375407948505 30
1638641509756 0.37240757543688285 31
1638641534050 0.3734895661645343 32
1638641558128 0.373833237116937 33
1638641582145 0.3764164971561961 34
1638641606309 0.37978876838094916 35
1638641630412 0.3794465293853993 36
1638641654498 0.37421184795420387 37
1638641678789 0.380276494743367 38
1638641702847 0.37684837696045703 39
1638641727188 0.3789201400503 40
1638641751329 0.379462280979608 41
1638641775301 0.3774077014408266 42
1638641799693 0.3800957811002643 43
1638641823716 0.3789745546171902 44
1638641847756 0.37955364017095633 45
1638641871850 0.37571053970906254 46
1638641895814 0.3759786030471187 47
1638641919845 0.3780558075902093 48
1638641943658 0.37544018522283495 49
1638641967522 0.37921168756677703 50
