1638640795578 2.592105842919884 1
1638640819220 2.4054465763210495 2
1638640842913 2.3486221620168988 3
1638640866611 2.328751603357223 4
1638640890511 2.2995098471338262 5
1638640914173 2.2945786014930833 6
1638640937455 2.2770710524835076 7
1638640960619 2.270681350132186 8
1638640983709 2.2676543039883508 9
1638641006975 2.2592537912826796 10
1638641030101 2.2530486319020055 11
1638641053170 2.25506072762945 12
1638641076324 2.255239006325401 13
1638641099556 2.247082127462752 14
1638641122819 2.251379776458688 15
1638641145997 2.243238547986424 16
1638641169044 2.241441450177867 17
1638641192112 2.23451919462143 18
1638641217132 2.2344437389718954 19
1638641242849 2.230027220803807 20
1638641268337 2.2406048711353748 21
1638641292469 2.233241859033077 22
1638641316566 2.23316900141604 23
1638641340617 2.2345809885073926 24
1638641364607 2.2423217232933723 25
1638641388841 2.223179197138469 26
1638641413050 2.2318790363667063 27
1638641437226 2.2343926970312538 28
1638641461408 2.227592922303647 29
1638641485484 2.228139715395338 30
1638641509752 2.2357933081756 31
1638641534047 2.2322732580135485 32
1638641558124 2.229943835778124 33
1638641582141 2.22816697551397 34
1638641606305 2.2171209937596146 35
1638641630408 2.2281654229110006 36
1638641654494 2.223013107102507 37
1638641678785 2.2076629409480653 38
1638641702843 2.218646079194827 39
1638641727183 2.2245913019270294 40
1638641751324 2.224447952664931 41
1638641775296 2.225886574959098 42
1638641799689 2.2196811277042183 43
1638641823712 2.219725873012036 44
1638641847752 2.225669059444893 45
1638641871845 2.224860305549362 46
1638641895810 2.2209088696986603 47
1638641919842 2.230019600107512 48
1638641943654 2.2236054935306138 49
1638641967518 2.212707113019894 50
