1638482445485 0.1493351435730223 0
1638482471157 0.16415077847552437 0
1638482496760 0.1691205948074429 0
1638482522434 0.17314411243262318 0
1638482548225 0.17412304213281313 0
1638482574707 0.17536243706769336 0
1638482602183 0.1747564329577319 0
1638482628483 0.17561765802388934 0
1638482654161 0.17607507457622903 0
1638482679992 0.17876188699909717 0
1638482705718 0.17744441077199286 0
1638482731629 0.18033924574796864 0
1638482757271 0.18145452637892928 0
1638482782936 0.18089222449787778 0
1638482808633 0.18270557522773742 0
1638482834349 0.17988649076120014 0
1638482860004 0.18018774472909166 0
1638482885638 0.18031418981579686 0
1638482911278 0.18193991235914947 0
1638482936965 0.1804779274615249 0
1638482962753 0.18342229162337462 0
1638482988367 0.18040450773487202 0
1638483014081 0.18414600036736858 0
1638483039729 0.18150988252176714 0
1638483065586 0.17952055751932838 0
1638483091293 0.18226505686782 0
1638483116891 0.18300682919562897 0
1638483142536 0.18271431568041013 0
1638483168261 0.18369441077199286 0
1638483194008 0.18389660636813654 0
1638483219666 0.18461681893795212 0
1638483245242 0.18248298526499312 0
1638483270889 0.1857390919172695 0
1638483296612 0.18423515289505094 0
1638483322440 0.184398890540779 0
1638483348138 0.1850287851915194 0
1638483373870 0.1845964245713515 0
1638483399562 0.183511444151057 0
1638483425273 0.1849984849808533 0
1638483451100 0.18277316799742638 0
1638483476766 0.18298993100320673 0
1638483504161 0.18065623251688961 0
1638483531342 0.18158213685702726 0
1638483559150 0.18288504567449493 0
1638483590023 0.1830983125060969 0
1638483616559 0.18344152059858246 0
1638483644005 0.184398890540779 0
1638483670467 0.1809341786224718 0
1638483697036 0.1824853160477787 0
1638483724161 0.18260826496030555 0
1638483751902 0.1825890359850977 0
1638483780561 0.18476365839125794 0
1638483807388 0.18283085492304985 0
1638483834372 0.18315716482311314 0
1638483861899 0.1824649216811781 0
1638483889341 0.18228078966884945 0
1638483917183 0.1825709724012827 0
1638483946425 0.18223126048297553 0
1638483975283 0.18501421778188276 0
1638484002025 0.17991562558047344 0
1638484028742 0.182665951885929 0
1638484055626 0.1816002004408423 0
1638484082967 0.18062243613204515 0
1638484110115 0.18344152059858246 0
1638484136651 0.18283085492304985 0
1638484163278 0.1811666744292816 0
1638484189863 0.1822131968991605 0
1638484217020 0.18198419726652906 0
1638484244533 0.1831391012392981 0
1638484271071 0.18198070109235068 0
1638484298749 0.18366177977854117 0
1638484325354 0.1828454223326865 0
1638484352180 0.18297070202799892 0
1638484379076 0.18091145347308563 0
1638484405019 0.18145802255310764 0
1638484430851 0.18125699234835674 0
1638484457047 0.1836367238463694 0
1638484483362 0.18313210889094136 0
1638484509249 0.18277316799742638 0
1638484535297 0.1823396419858657 0
1638484561127 0.1844699794846463 0
1638484586946 0.1826647864945362 0
1638484612857 0.18266828266871457 0
1638484638874 0.1859377913392348 0
1638484664677 0.18604034588516102 0
1638484690435 0.18288504567449493 0
1638484716334 0.18150988252176714 0
1638484742200 0.18281046055644923 0
1638484768203 0.18172431474476192 0
1638484794004 0.18478172197507295 0
1638484819894 0.18283085492304985 0
1638484845674 0.18272130802876688 0
1638484871471 0.1811136490692293 0
1638484897484 0.1822854512344206 0
1638484923255 0.1821590061477154 0
1638484949126 0.18118357262170384 0
1638484974916 0.18199876467616571 0
1638485001021 0.18295263844418388 0
1638485026885 0.18544890918483625 0
1638485052721 0.18331507551187726 0
