1638482445479 3.35138879055544 0
1638482471152 3.217398524652805 0
1638482496754 3.1952285488137004 0
1638482522429 3.175752217949707 0
1638482548219 3.175604211236291 0
1638482574702 3.1732236779418916 0
1638482602177 3.175784482421067 0
1638482628477 3.1616503436249057 0
1638482654155 3.1591238628370695 0
1638482679986 3.1559705382574 0
1638482705713 3.165552247380082 0
1638482731624 3.16377233262672 0
1638482757266 3.148114663188086 0
1638482782930 3.1480543032243573 0
1638482808627 3.139902918084572 0
1638482834344 3.149389727425424 0
1638482859998 3.1509686583847984 0
1638482885631 3.144181694406047 0
1638482911272 3.135624091960948 0
1638482936960 3.149041876593044 0
1638482962740 3.139729591280996 0
1638482988362 3.142710137078959 0
1638483014076 3.137590341165336 0
1638483039723 3.1390182144748273 0
1638483065580 3.141781318995054 0
1638483091288 3.1308738668523373 0
1638483116884 3.130265295377323 0
1638483142530 3.129978334642791 0
1638483168255 3.133260199104356 0
1638483194003 3.129413176223242 0
1638483219661 3.124617778419132 0
1638483245237 3.1310182887202522 0
1638483270883 3.119847230568927 0
1638483296606 3.1139091748608845 0
1638483322434 3.1123591844790828 0
1638483348132 3.108510177320378 0
1638483373864 3.1083662871767004 0
1638483399557 3.1104085228777416 0
1638483425268 3.116843654937595 0
1638483451095 3.0999030868797726 0
1638483476760 3.107282540328779 0
1638483504156 3.1054318402468386 0
1638483531335 3.108678899099285 0
1638483559144 3.110701567381995 0
1638483590017 3.113326113992845 0
1638483616553 3.1013749240417634 0
1638483643998 3.1080892740347505 0
1638483670461 3.115205197792192 0
1638483697030 3.1085212734693743 0
1638483724155 3.105851894426719 0
1638483751897 3.107485094435343 0
1638483780555 3.1008885950472234 0
1638483807382 3.1049172127936555 0
1638483834366 3.1078330138065464 0
1638483861894 3.1033753699779916 0
1638483889335 3.105444765414999 0
1638483917177 3.113478195458914 0
1638483946420 3.112897085277763 0
1638483975277 3.1071933351773176 0
1638484002019 3.114516238904084 0
1638484028735 3.1092209927201075 0
1638484055621 3.109503965542249 0
1638484082960 3.112125299007365 0
1638484110110 3.1029846137773167 0
1638484136645 3.112988803250817 0
1638484163271 3.110658205964425 0
1638484189857 3.115556737956766 0
1638484217014 3.1135868315328104 0
1638484244528 3.101365814247423 0
1638484271064 3.106987485307834 0
1638484298742 3.107021560893372 0
1638484325348 3.1041118812312822 0
1638484352171 3.106042112200019 0
1638484379070 3.1145950397328255 0
1638484405013 3.109888508828908 0
1638484430845 3.102458703321196 0
1638484457041 3.10550736950917 0
1638484483357 3.1077086194310892 0
1638484509243 3.106554248166769 0
1638484535291 3.1033130773142377 0
1638484561121 3.106301213322606 0
1638484586940 3.103293466807588 0
1638484612851 3.111012808351425 0
1638484638868 3.108313153760386 0
1638484664671 3.1007462020405314 0
1638484690429 3.1124682244558657 0
1638484716329 3.1094669688238565 0
1638484742194 3.1049832160041038 0
1638484768197 3.113914273757227 0
1638484793998 3.1058393619358156 0
1638484819888 3.0990897135436617 0
1638484845668 3.108484632726248 0
1638484871465 3.11195899816795 0
1638484897477 3.104049660980379 0
1638484923249 3.1116797106833163 0
1638484949120 3.1052536045595502 0
1638484974909 3.10901010246976 0
1638485001015 3.1073858637367366 0
1638485026879 3.096524566620433 0
1638485052715 3.1045626503233557 0
