1638490268817 0.10660020044084229 0
1638490294667 0.10440867984225985 0
1638490320429 0.09232530766139829 0
1638490346324 0.08941590527578586 0
1638490372145 0.08716028808169282 0
1638490398072 0.08929062558047345 0
1638490423903 0.08934714711470411 0
1638490449711 0.08925449841284339 0
1638490475587 0.08939900708336361 0
1638490501448 0.08865606936416184 0
1638490527509 0.08914495151856042 0
1638490553394 0.08824410311059455 0
1638490579250 0.08834898843930636 0
1638490605143 0.08938327428233417 0
1638490630976 0.08848009509158272 0
1638490656898 0.08891129032035784 0
1638490682715 0.08759148331046794 0
1638490708693 0.08855118403545005 0
1638490734563 0.08885826496030554 0
1638490760505 0.08959654111393614 0
1638490786480 0.08877027782401598 0
1638490812385 0.0884620315077677 0
1638490838804 0.08904006618984862 0
1638490864962 0.08965189725677403 0
1638490890920 0.08885709956891275 0
1638490916714 0.0885342858430278 0
1638490942571 0.0894531978348087 0
1638490968428 0.08923526943763556 0
1638490994345 0.08894741748798789 0
1638491020276 0.08938210889094138 0
1638491046042 0.08846086611637491 0
1638491071909 0.08929062558047345 0
1638491097805 0.08900510441361136 0
1638491124030 0.08797198396197634 0
1638491149953 0.08904006618984862 0
1638491175754 0.08876911243262318 0
1638491201583 0.08902200260603359 0
1638491227402 0.08884020137649051 0
1638491253393 0.08909309154990092 0
1638491279294 0.0894543632262015 0
1638491305138 0.08927023121387283 0
1638491330957 0.08892818851278007 0
1638491356818 0.08898237926422516 0
1638491382678 0.08923526943763556 0
1638491408515 0.08918574025176164 0
1638491434435 0.08896664646319571 0
1638491460282 0.08833325563827692 0
1638491486173 0.08871026011560694 0
1638491512036 0.08736015289505093 0
1638491537944 0.08948932500243877 0
1638491563828 0.08921837124521333 0
1638491589675 0.08932908353088909 0
1638491615683 0.08898354465561795 0
1638491641703 0.08733975852845031 0
1638491667556 0.08885709956891275 0
1638491693458 0.08910882435093036 0
1638491719472 0.08855118403545005 0
1638491745565 0.08885709956891275 0
1638491771447 0.08869452731457748 0
1638491797293 0.08856924761926507 0
1638491823107 0.0881345562163116 0
1638491849061 0.0888932267365428 0
1638491874994 0.08905929516505644 0
1638491900976 0.08871608707257089 0
1638491926789 0.08862343837071017 0
1638491952722 0.08878367984225985 0
1638491978610 0.08865840014694742 0
1638492004503 0.08923643482902835 0
1638492030501 0.08874988345741537 0
1638492056337 0.08871375628978531 0
1638492082157 0.0893279181394963 0
1638492108019 0.08939900708336361 0
1638492133950 0.08900393902221856 0
1638492159806 0.08883903598509772 0
1638492185708 0.0888932267365428 0
1638492211822 0.08954351575388385 0
1638492237661 0.08862343837071017 0
1638492263613 0.08903890079845583 0
1638492289474 0.08860537478689513 0
1638492315518 0.08773599198098816 0
1638492341505 0.0885884765944729 0
1638492367435 0.0882610013030168 0
1638492393435 0.08855468020962842 0
1638492419253 0.08882213779267548 0
1638492445188 0.088387446389722 0
1638492471028 0.08848592204854668 0
1638492497039 0.08889672291072118 0
1638492523166 0.08864266734591798 0
1638492548969 0.08948815961104598 0
1638492574922 0.0892218674193917 0
1638492600792 0.08907735874887146 0
1638492626747 0.08784437348387834 0
1638492652643 0.08887749393551336 0
1638492678544 0.0892218674193917 0
1638492704339 0.08929179097186624 0
1638492730157 0.08869452731457748 0
1638492756221 0.08905463359948528 0
1638492782317 0.08921837124521333 0
1638492808705 0.0888943921279356 0
1638492835134 0.08918107868619048 0
