1638490268811 3.73305056901688 0
1638490294661 3.5987017685508587 0
1638490320424 3.522882763747828 0
1638490346318 3.5049997768963683 0
1638490372140 3.5007124498082796 0
1638490398067 3.497930987501316 0
1638490423897 3.5020718544100533 0
1638490449705 3.513099700208708 0
1638490475582 3.509067294913365 0
1638490501441 3.530640899140678 0
1638490527503 3.5228301887516342 0
1638490553388 3.5208947979191056 0
1638490579244 3.511700972231408 0
1638490605138 3.513038598870801 0
1638490630971 3.5119386633380127 0
1638490656892 3.5079365188102827 0
1638490682709 3.510503327919569 0
1638490708687 3.5073654746445624 0
1638490734557 3.503004733487135 0
1638490760500 3.5155324827362757 0
1638490786472 3.510303909814319 0
1638490812379 3.5152928458467243 0
1638490838798 3.5062706831648813 0
1638490864956 3.515067687756753 0
1638490890914 3.5167523692646068 0
1638490916709 3.5118661925361208 0
1638490942565 3.509626222367397 0
1638490968422 3.5135713879918646 0
1638490994339 3.507109238768002 0
1638491020269 3.5096332010589464 0
1638491046037 3.5066109291138163 0
1638491071903 3.5078640676026085 0
1638491097800 3.516064647190923 0
1638491124025 3.5150682288579467 0
1638491149947 3.508846068133619 0
1638491175749 3.502505152303104 0
1638491201577 3.511031770726861 0
1638491227396 3.518650157677392 0
1638491253388 3.5117956423209167 0
1638491279288 3.5108827307685924 0
1638491305133 3.50520286769144 0
1638491330951 3.509444325108185 0
1638491356812 3.510951521878111 0
1638491382672 3.5160518306075654 0
1638491408509 3.517656261711025 0
1638491434429 3.50757571424364 0
1638491460277 3.5140556663116937 0
1638491486167 3.5069262436034503 0
1638491512030 3.5116188636212136 0
1638491537938 3.5076922585213657 0
1638491563822 3.509256331586699 0
1638491589670 3.510634956082002 0
1638491615678 3.5059831881981207 0
1638491641698 3.5149733709147477 0
1638491667551 3.5143191457831118 0
1638491693452 3.5221404365282583 0
1638491719466 3.509646117979178 0
1638491745560 3.5149606046291044 0
1638491771441 3.5072721179192214 0
1638491797287 3.516557208374812 0
1638491823101 3.5119669575994337 0
1638491849055 3.5044842318977274 0
1638491874988 3.5136293719961844 0
1638491900970 3.5063126452226365 0
1638491926782 3.505220627322345 0
1638491952716 3.5105678156183355 0
1638491978604 3.508614863816223 0
1638492004497 3.513462912748272 0
1638492030495 3.508844192307243 0
1638492056331 3.505016504295097 0
1638492082150 3.5102776711961887 0
1638492108013 3.5084379250920485 0
1638492133944 3.5131906395109147 0
1638492159800 3.508026434585024 0
1638492185702 3.508826170599906 0
1638492211816 3.5109744468283344 0
1638492237655 3.50684108363879 0
1638492263608 3.5108034154181906 0
1638492289468 3.511566483356293 0
1638492315512 3.509135637734591 0
1638492341499 3.519171626968559 0
1638492367429 3.5103482348864574 0
1638492393429 3.5083248346151437 0
1638492419247 3.513358356559361 0
1638492445180 3.5132102622731076 0
1638492471022 3.507927302434947 0
1638492497028 3.5095974165620154 0
1638492523160 3.512214492010153 0
1638492548963 3.511248614594268 0
1638492574916 3.512285318647324 0
1638492600786 3.513104049823375 0
1638492626741 3.507703638611993 0
1638492652637 3.5042885571671354 0
1638492678538 3.514719761990604 0
1638492704333 3.5039520730580493 0
1638492730151 3.510088600958008 0
1638492756215 3.513261535695277 0
1638492782311 3.5033110522701594 0
1638492808699 3.5107252477968243 0
1638492835128 3.5140788231950557 0
