1638634992493 0.378885772948177 1
1638635015347 0.4624072661231902 2
1638635038085 0.4985668921443111 3
1638635060968 0.5194420387783447 4
1638635083812 0.5390925712315645 5
1638635106696 0.552983751266713 6
1638635129804 0.5611213067112013 7
1638635152810 0.5716213135878979 8
1638635175617 0.5777203274791841 9
1638635198405 0.5855514429870984 10
1638635221259 0.5898252776877709 11
1638635244115 0.5984723253420814 12
1638635267173 0.60105214865048 13
1638635289886 0.6048027443555432 14
1638635312674 0.6116775954292774 15
1638635335517 0.6146924488814268 16
1638635358312 0.6177199036227088 17
1638635381155 0.6243097941814889 18
1638635404072 0.6264723436799391 19
1638635426938 0.6252107848746672 20
1638635449811 0.6341952028368142 21
1638635472773 0.6351339973285622 22
1638635495567 0.6369376970631421 23
1638635518455 0.6394258747888217 24
1638635541291 0.6416310967391413 25
1638635564190 0.6431990954809872 26
1638635587069 0.6468219601185713 27
1638635609856 0.6506687837026962 28
1638635632731 0.6470061104925345 29
1638635655762 0.6492436948053831 30
1638635678515 0.6540244441935427 31
1638635701347 0.6539004362482947 32
1638635724344 0.6592393645513416 33
1638635747172 0.6556130631828969 34
1638635770527 0.6611513206369607 35
1638635793198 0.6593662364102951 36
1638635815963 0.6609892225017724 37
1638635838846 0.6651742755678455 38
1638635861727 0.6673749152562359 39
1638635884453 0.6637314303367298 40
1638635907366 0.6658424291819953 41
1638635930129 0.667358018096545 42
1638635953013 0.6681533299610191 43
1638635976023 0.6711455584260663 44
1638635998760 0.6704066658680764 45
1638636021859 0.6747921936506487 46
1638636044622 0.6716175331942754 47
1638636067487 0.6717950965323018 48
1638636090379 0.6721585285581012 49
1638636113179 0.6728808103477707 50
