1638634992490 2.2352449204158025 1
1638635015344 1.8783470626180485 2
1638635038082 1.7338883315136213 3
1638635060964 1.638334045890151 4
1638635083808 1.568058157514352 5
1638635106692 1.5107112439943513 6
1638635129800 1.4796666827017813 7
1638635152806 1.4398525141306868 8
1638635175613 1.4138627263826562 9
1638635198402 1.388806068755073 10
1638635221256 1.3622706088823098 11
1638635244111 1.3394195815677725 12
1638635267169 1.3313087977248097 13
1638635289881 1.309838671865629 14
1638635312670 1.2907101139795918 15
1638635335514 1.2756688136805627 16
1638635358309 1.2637797149931247 17
1638635381151 1.2427493750015535 18
1638635404069 1.2417926864837565 19
1638635426934 1.234085407161236 20
1638635449806 1.209678458532535 21
1638635472769 1.201604981500545 22
1638635495563 1.1970666331872166 23
1638635518452 1.1892467605691894 24
1638635541287 1.1841473555908164 25
1638635564187 1.1786162442870898 26
1638635587066 1.1623257264217162 27
1638635609853 1.1531975786264754 28
1638635632727 1.158817785816032 29
1638635655758 1.1550302847249547 30
1638635678511 1.1401348591986504 31
1638635701344 1.1373615809640079 32
1638635724341 1.1210410646669313 33
1638635747169 1.1225654009148949 34
1638635770523 1.1120854508491145 35
1638635793194 1.1171254046579777 36
1638635815959 1.112076183815812 37
1638635838842 1.1043202619044312 38
1638635861724 1.0959408925449143 39
1638635884449 1.0952393408277474 40
1638635907361 1.0997587915638927 41
1638635930125 1.0873347707612337 42
1638635953008 1.0814286839131113 43
1638635976019 1.0790778792364957 44
1638635998756 1.081104826506039 45
1638636021854 1.063351323614994 46
1638636044618 1.0715652239913513 47
1638636067483 1.076083203042433 48
1638636090375 1.0690159395686896 49
1638636113175 1.074681137799851 50
