1638500644695 0.2959473475555464 0
1638500670690 0.335814842426708 0
1638500696663 0.34293189444982936 0
1638500722752 0.3530620687958822 0
1638500748613 0.35756339734000275 0
1638500774410 0.35991049784456375 0
1638500800251 0.35927943780243055 0
1638500826153 0.36293177790724473 0
1638500852022 0.36450680590778417 0
1638500877823 0.36704328266871455 0
1638500903717 0.36727694386691717 0
1638500929710 0.3686363742186155 0
1638500955643 0.37055461027718695 0
1638500981383 0.36952615139112305 0
1638501007224 0.37107146185946605 0
1638501033752 0.3728271256637022 0
1638501059947 0.3731126468305643 0
1638501085816 0.37250431193781725 0
1638501111525 0.3730293212598459 0
1638501137345 0.37075330969915227 0
1638501163291 0.37548130709311867 0
1638501189150 0.3739482332516268 0
1638501214986 0.3764363462525296 0
1638501240827 0.3737314702458464 0
1638501266696 0.3766735036249106 0
1638501292559 0.3771670473448803 0
1638501318592 0.3763530206818112 0
1638501344349 0.3753991469482466 0
1638501370202 0.37583791720384807 0
1638501396122 0.37811859033011286 0
1638501421959 0.3730753542715414 0
1638501447875 0.37730572905843657 0
1638501473696 0.37822231026743186 0
1638501499536 0.37561008296260945 0
1638501525497 0.3763314609238178 0
1638501551304 0.3766117378466391 0
1638501577299 0.3777596494365979 0
1638501603116 0.377849967355673 0
1638501629054 0.3764713080287669 0
1638501655861 0.37696718253152217 0
1638501681838 0.37703594069260393 0
1638501707733 0.37347741468104323 0
1638501733580 0.37457696251097444 0
1638501759505 0.37475526756633915 0
1638501785297 0.3748863742186155 0
1638501811252 0.3779630104241344 0
1638501837073 0.3777596494365979 0
1638501862981 0.37542828173306636 0
1638501888855 0.3761735502350537 0
1638501914922 0.3762580411971649 0
1638501940824 0.3781978370137297 0
1638501966620 0.3766169820906799 0
1638501992499 0.3771769531889458 0
1638502018362 0.37719967833833196 0
1638502044321 0.3758291767511754 0
1638502070274 0.37655521631240846 0
1638502096101 0.37696019018316546 0
1638502121949 0.37880733729786953 0
1638502147790 0.3762458045703138 0
1638502173745 0.3754475107082742 0
1638502199670 0.3778849291319103 0
1638502225482 0.3801644368667823 0
1638502251253 0.38008868635734383 0
1638502277106 0.3752692056529095 0
1638502302948 0.3758111131673603 0
1638502328794 0.3742553141764823 0
1638502354639 0.3769770883755877 0
1638502380396 0.37743100875374896 0
1638502406249 0.3770936276182274 0
1638502432184 0.38018133505920454 0
1638502458064 0.3775574538404542 0
1638502483916 0.3767638215439857 0
1638502509700 0.37667816519048175 0
1638502535788 0.3780183666014258 0
1638502561706 0.37723464011456925 0
1638502587589 0.3780003030176108 0
1638502613588 0.3742395813754528 0
1638502644836 0.378992634701591 0
1638502670851 0.37746946670416465 0
1638502696984 0.38007411894770715 0
1638502722888 0.374870641417586 0
1638502748787 0.37610479207397196 0
1638502774705 0.37848452357198464 0
1638502800623 0.3775248228470025 0
1638502826663 0.3770260348485384 0
1638502852437 0.3776501025423149 0
1638502878301 0.3756450447388467 0
1638502904241 0.38014171171739614 0
1638502930194 0.3778534635298514 0
1638502956248 0.37629416836479496 0
1638502982015 0.37692872458110654 0
1638503007874 0.37748403411380127 0
1638503033798 0.37570506244725577 0
1638503059720 0.3757726552169447 0
1638503085605 0.3793626468305643 0
1638503111378 0.37638681706665567 0
1638503137429 0.3767626561525929 0
1638503163263 0.3758798713284421 0
1638503189147 0.3804511234250372 0
1638503215016 0.37716355117070194 0
