1638500644690 2.5916938492931494 0
1638500670685 2.4106228703530506 0
1638500696657 2.3615115059599163 0
1638500722746 2.329246395096674 0
1638500748607 2.311265933704757 0
1638500774404 2.2987958567321796 0
1638500800245 2.297717115351476 0
1638500826147 2.2732789737966623 0
1638500852016 2.2739752146686945 0
1638500877817 2.270826130110522 0
1638500903711 2.2592672971693437 0
1638500929704 2.2552421295436225 0
1638500955637 2.2500411668996687 0
1638500981377 2.2518290342961325 0
1638501007219 2.243751079568565 0
1638501033746 2.24176241657439 0
1638501059942 2.2449225380809077 0
1638501085810 2.2375397015417717 0
1638501111519 2.2384819062641643 0
1638501137339 2.237733741355321 0
1638501163278 2.2347434853362045 0
1638501189145 2.2341506091311656 0
1638501214980 2.2274931074837077 0
1638501240821 2.2362221917172347 0
1638501266690 2.2281775763268943 0
1638501292553 2.2276612068370154 0
1638501318587 2.2300370874893924 0
1638501344343 2.2254868186095242 0
1638501370197 2.2306689647543423 0
1638501396116 2.2243925637881863 0
1638501421953 2.2354027121213607 0
1638501447869 2.229493124700005 0
1638501473689 2.2260296110721023 0
1638501499530 2.229846078104529 0
1638501525491 2.229653744086776 0
1638501551298 2.2281907437445683 0
1638501577293 2.222573207137336 0
1638501603110 2.2272089259349164 0
1638501629048 2.228487139398695 0
1638501655855 2.2308978608410115 0
1638501681832 2.222586737248417 0
1638501707727 2.2299400489859944 0
1638501733574 2.2309876620755498 0
1638501759499 2.229536631145812 0
1638501785291 2.2269660149623456 0
1638501811246 2.222045249281544 0
1638501837067 2.2267511134563316 0
1638501862975 2.2290255362926286 0
1638501888849 2.2261160235455213 0
1638501914916 2.2304423371799245 0
1638501940817 2.228252758775452 0
1638501966614 2.2238859700547287 0
1638501992493 2.218738282468246 0
1638502018356 2.2159652267054915 0
1638502044315 2.2293144561343476 0
1638502070268 2.22494105364768 0
1638502096092 2.2281175926393693 0
1638502121944 2.224231879689217 0
1638502147784 2.2283027753839093 0
1638502173738 2.221708995963642 0
1638502199664 2.2153437590248717 0
1638502225475 2.2174058212903773 0
1638502251247 2.21616818454688 0
1638502277101 2.2264626012105366 0
1638502302941 2.230556696982486 0
1638502328788 2.2301463998245072 0
1638502354633 2.223333146598098 0
1638502380390 2.2209896242297305 0
1638502406243 2.220365526138511 0
1638502432178 2.217417096459075 0
1638502458058 2.2231479110564707 0
1638502483909 2.2218678206415983 0
1638502509694 2.2285156122144176 0
1638502535782 2.21331345355002 0
1638502561700 2.2268521063546745 0
1638502587582 2.2235203638511503 0
1638502613581 2.227053030273611 0
1638502644830 2.223137132849188 0
1638502670845 2.2259506898167047 0
1638502696978 2.2143735106742426 0
1638502722882 2.2266345858963903 0
1638502748780 2.2262765418348343 0
1638502774698 2.2232868918079434 0
1638502800617 2.221048459352223 0
1638502826656 2.2262224694732633 0
1638502852430 2.225210004693409 0
1638502878295 2.2265542593365506 0
1638502904235 2.2200621188851497 0
1638502930188 2.2266131933997153 0
1638502956242 2.2222340451274203 0
1638502982009 2.2203203274818586 0
1638503007868 2.2127552756426843 0
1638503033792 2.2288649708707546 0
1638503059714 2.2205357611947476 0
1638503085598 2.2180493318453043 0
1638503111372 2.228489570801078 0
1638503137422 2.215740533632371 0
1638503163255 2.2304407150441548 0
1638503189141 2.216905941569243 0
1638503215010 2.230073997707954 0
