1638800046509 0.7298171498871953 1
1638800343779 0.8004649916136196 2
1638800633982 0.8135034029194386 3
1638800963208 0.8174074678062704 4
1638801309546 0.8261659751737738 5
1638801645633 0.8294220818260502 6
1638801976817 0.8294308222787229 7
1638802318943 0.8344367657782714 8
1638802662937 0.8326531325461547 9
1638803007796 0.8369679982951611 10
1638803351802 0.8388646745957391 11
1638803693071 0.8402555705494963 12
1638804033883 0.846051650171335 13
1638804381439 0.8465789903106028 14
1638804724977 0.8466897025962785 15
