1638800046504 0.9210257286286585 1
1638800343774 0.6436072435623709 2
1638800633977 0.6044576000494621 3
1638800963202 0.5901492941758116 4
1638801309540 0.5700719584076711 5
1638801645627 0.5541778480366482 6
1638801976811 0.560038306792524 7
1638802318938 0.5362544493146744 8
1638802662931 0.5505245095717969 9
1638803007790 0.5349734015292154 10
1638803351796 0.5347396104195777 11
1638803693066 0.5225087482722773 12
1638804033877 0.511172100187074 13
1638804381434 0.5113987257102828 14
1638804724971 0.5094477442706136 15
