1638693900352 0.3492063492063492 0
1638693960672 0.2857142857142857 1
1638694020834 0.2857142857142857 2
1638694081024 0.38095238095238093 3
1638694141195 0.38095238095238093 4
1638694201329 0.36507936507936506 5
1638694261511 0.4603174603174603 6
1638694321634 0.4126984126984127 7
1638694381715 0.38095238095238093 8
1638694441845 0.42857142857142855 9
1638694502127 0.3492063492063492 10
1638694562567 0.3492063492063492 11
1638694622756 0.3492063492063492 12
1638694682811 0.42857142857142855 13
1638694742870 0.4126984126984127 14
1638694802986 0.4444444444444444 15
1638694863150 0.5079365079365079 16
1638694923278 0.47619047619047616 17
1638694983477 0.4444444444444444 18
1638695043664 0.47619047619047616 19
1638695103798 0.4126984126984127 20
1638695163910 0.47619047619047616 21
1638695224189 0.42857142857142855 22
1638695284229 0.4603174603174603 23
1638695344299 0.4603174603174603 24
1638695404439 0.47619047619047616 25
1638695464538 0.4126984126984127 26
1638695524671 0.4444444444444444 27
1638695584789 0.4603174603174603 28
1638695644886 0.42857142857142855 29
1638695705120 0.47619047619047616 30
1638695765742 0.49206349206349204 31
1638695826302 0.49206349206349204 32
1638695886549 0.5079365079365079 33
1638695946759 0.4603174603174603 34
1638696007859 0.4444444444444444 35
