1638693900361 60.45537877082825 0
1638693960681 60.01355957984924 1
1638694020842 59.8739333152771 2
1638694081032 59.89786958694458 3
1638694141204 59.8674590587616 4
1638694201338 59.78915858268738 5
1638694261520 59.836034297943115 6
1638694321642 59.845515966415405 7
1638694381724 59.77120804786682 8
1638694441854 59.83206343650818 9
1638694502136 59.9771625995636 10
1638694562575 60.108319997787476 11
1638694622765 59.89489388465881 12
1638694682820 59.77120804786682 13
1638694742879 59.77519750595093 14
1638694803002 59.78667068481445 15
1638694863159 59.869452476501465 16
1638694923287 59.78966665267944 17
1638694983486 59.87694311141968 18
1638695043673 59.899375677108765 19
1638695103808 59.80511665344238 20
1638695163919 59.820581912994385 21
1638695224198 59.93454337120056 22
1638695284238 59.741796016693115 23
1638695344308 59.75974631309509 24
1638695404448 59.79015779495239 25
1638695464547 59.80711221694946 26
1638695524679 59.825570821762085 27
1638695584798 59.77619385719299 28
1638695644896 59.74627447128296 29
1638695705129 59.862961292266846 30
1638695765752 60.272866010665894 31
1638695826311 60.22898292541504 32
1638695886558 59.948731899261475 33
1638695946768 59.88044309616089 34
1638696007868 60.773542404174805 35
