1638693900358 0.0010723860589812334 0
1638693960678 0.0007323324789454413 1
1638694020840 0.0005560189046427579 2
1638694081030 0.0004481290611696168 3
1638694141201 0.0003753049352598987 4
1638694201335 0.00032284100080710247 5
1638694261517 0.000283245999150262 6
1638694321640 0.00025230225810521004 7
1638694381721 0.00022745365631752533 8
1638694441851 0.00020706077233668082 9
1638694502133 0.00019002375296912113 10
1638694562573 0.00017557721007813184 11
1638694622762 0.00016317206494248184 12
1638694682817 0.00015240417587441895 13
1638694742876 0.00014296947601687038 14
1638694802991 0.0001346348030966005 15
1638694863156 0.00012721837033267605 16
1638694923284 0.00012057635497678906 17
1638694983484 0.000114593479631009 18
1638695043670 0.00010917626507997162 19
1638695103805 0.00010424811050299714 20
1638695163916 9.974564859607999e-05 21
1638695224195 9.56160061194244e-05 22
1638695284235 9.181471789927926e-05 23
1638695344305 8.830411938716941e-05 24
1638695404445 8.50520944078248e-05 25
1638695464544 8.203108978302777e-05 26
1638695524676 7.921733275240622e-05 27
1638695584795 7.659020411289397e-05 28
1638695644893 7.413173208792023e-05 29
1638695705126 7.182618064284432e-05 30
1638695765749 6.965971230538817e-05 31
1638695826308 6.762011022077965e-05 32
1638695886555 6.569654764642117e-05 33
1638695946765 6.387939570091667e-05 34
1638696007865 6.216006216006217e-05 35
