1638693900355 2.467889579522749 0
1638693960675 2.5703005440588904 1
1638694020837 2.5283726563370417 2
1638694081027 2.256343935654291 3
1638694141198 2.2785931725540634 4
1638694201332 2.300051372809836 5
1638694261514 2.1490140249444645 6
1638694321637 2.2136859755529126 7
1638694381718 2.1162679822212627 8
1638694441849 2.0290374189716838 9
1638694502130 2.285646315426761 10
1638694562570 2.0852445028001965 11
1638694622759 2.0896552616307504 12
1638694682814 2.043657186331194 13
1638694742873 2.3329579648321443 14
1638694802990 2.1787388619545456 15
1638694863154 2.122844883301889 16
1638694923281 2.0011141808057706 17
1638694983481 2.0533605931823837 18
1638695043667 2.12997490230229 19
1638695103801 2.0879415200794953 20
1638695163913 1.9761942248146793 21
1638695224192 1.9567150746557884 22
1638695284232 1.8546901950377528 23
1638695344303 1.9511717059010933 24
1638695404442 1.9849426668287307 25
1638695464542 2.0805104576059024 26
1638695524675 2.0549112108131404 27
1638695584792 1.8393628345422064 28
1638695644890 1.9424610631972583 29
1638695705123 2.014562886543788 30
1638695765746 1.8806999518133627 31
1638695826305 1.8646532481883833 32
1638695886552 1.9890440532837217 33
1638695946762 2.0480358081400305 34
1638696007862 1.9149560164156854 35
