1638682162524 0.2857142857142857 0
1638682222360 0.2857142857142857 1
1638682282087 0.2222222222222222 2
1638682341827 0.3333333333333333 3
1638682401672 0.3492063492063492 4
1638682461373 0.3492063492063492 5
1638682521533 0.31746031746031744 6
1638682581352 0.3333333333333333 7
1638682641177 0.3968253968253968 8
1638682700990 0.3968253968253968 9
1638682760830 0.3492063492063492 10
1638682820575 0.38095238095238093 11
1638682880389 0.3968253968253968 12
1638682940165 0.3492063492063492 13
1638683000058 0.42857142857142855 14
1638683060031 0.38095238095238093 15
1638683119895 0.38095238095238093 16
1638683179649 0.4444444444444444 17
1638683239528 0.38095238095238093 18
1638683299505 0.42857142857142855 19
1638683359187 0.42857142857142855 20
1638683419177 0.49206349206349204 21
1638683479115 0.3968253968253968 22
1638683538929 0.4603174603174603 23
1638683598584 0.42857142857142855 24
1638683658361 0.4126984126984127 25
1638683718330 0.3492063492063492 26
1638683779084 0.4444444444444444 27
1638683840660 0.47619047619047616 28
1638683900494 0.3968253968253968 29
1638683960357 0.5396825396825397 30
1638684020335 0.5238095238095238 31
