1638682162533 60.15760612487793 0
1638682222369 59.51090335845947 1
1638682282096 59.42663526535034 2
1638682341835 59.45456075668335 3
1638682401681 59.565757513046265 4
1638682461381 59.34833860397339 5
1638682521541 59.84750962257385 6
1638682581361 59.526371002197266 7
1638682641186 59.524375915527344 8
1638682700999 59.51788520812988 9
1638682760839 59.522380113601685 10
1638682820583 59.45456075668335 11
1638682880399 59.50642514228821 12
1638682940173 59.46502637863159 13
1638683000067 59.5717408657074 14
1638683060043 59.66599774360657 15
1638683119905 59.55478620529175 16
1638683179658 59.44507956504822 17
1638683239537 59.58370923995972 18
1638683299516 59.693920850753784 19
1638683359204 59.39720821380615 20
1638683419187 59.68345665931702 21
1638683479124 59.58869504928589 22
1638683538937 59.510903120040894 23
1638683598593 59.369789361953735 24
1638683658370 59.47799205780029 25
1638683718339 59.678478717803955 26
1638683779094 60.4518940448761 27
1638683840670 61.274189949035645 28
1638683900503 59.55329871177673 29
1638683960367 59.57824754714966 30
1638684020344 59.67247200012207 31
