1638682162530 0.001840773124712379 0
1638682222367 0.0017048844940755264 1
1638682282093 0.0015876796062554578 2
1638682341832 0.0014855529971031715 3
1638682401678 0.0013957708144322703 4
1638682461379 0.0013162224415926291 5
1638682521539 0.001245252474939294 6
1638682581358 0.0011815442783718322 7
1638682641183 0.0011240375428539313 8
1638682700996 0.0010718688032584813 9
1638682760836 0.001024327784891165 10
1638682820581 0.0009808248737187973 11
1638682880395 0.0009408665380815731 12
1638682940171 0.0009040365230755323 13
1638683000064 0.0008699812954021487 14
1638683060038 0.0008383986585621462 15
1638683119902 0.0008090287609724525 16
1638683179655 0.0007816469300816821 17
1638683239534 0.0007560579140362153 18
1638683299514 0.0007320912185658332 19
1638683359201 0.0007095973035302466 20
1638683419184 0.0006884444597432103 21
1638683479121 0.0006685162282314404 22
1638683538935 0.000649709255108339 23
1638683598590 0.000631931498625549 24
1638683658367 0.0006151007227433493 25
1638683718336 0.0005991432251879811 26
1638683779090 0.0005839927584897947 27
1638683840667 0.0005695896106855011 28
1638683900501 0.0005558798187831791 29
1638683960364 0.0005428144931469669 30
1638684020341 0.0005303492349712285 31
