1638682162527 2.8740569026477374 0
1638682222364 2.5922302724323707 1
1638682282090 2.6049873935958425 2
1638682341830 2.4477678693104656 3
1638682401676 2.489432936309102 4
1638682461376 2.3065969390735637 5
1638682521536 2.523353207134682 6
1638682581355 2.2723465343154783 7
1638682641180 2.1398184283729726 8
1638682700994 2.3716614530154825 9
1638682760833 2.399432325154666 10
1638682820578 2.1919178288946175 11
1638682880393 2.052432629611025 12
1638682940168 2.3025265737935903 13
1638683000061 2.0903126179125815 14
1638683060035 2.3776343559886333 15
1638683119898 2.2618196881039236 16
1638683179652 2.3907831765440286 17
1638683239531 2.2137172320765446 18
1638683299511 1.7634474062109353 19
1638683359190 1.8475654891585616 20
1638683419181 2.167499817330331 21
1638683479118 1.9280880960383056 22
1638683538933 2.0964136820086257 23
1638683598587 2.1017873806279566 24
1638683658365 2.0355076234564313 25
1638683718333 2.3760877321334797 26
1638683779087 1.996887585225203 27
1638683840664 2.0263070570333253 28
1638683900498 2.3260972730002414 29
1638683960361 1.8571224830481292 30
1638684020338 1.9499140771995764 31
