1638684080818 0.1111111111111111 0
1638684140503 0.12698412698412698 1
1638684200595 0.19047619047619047 2
1638684260366 0.12698412698412698 3
1638684320089 0.19047619047619047 4
1638684379752 0.20634920634920634 5
1638684439494 0.25396825396825395 6
1638684505243 0.2222222222222222 7
1638684581151 0.25396825396825395 8
1638684657724 0.2222222222222222 9
1638684735342 0.2222222222222222 10
1638684813687 0.23809523809523808 11
1638684892613 0.2222222222222222 12
1638684972195 0.25396825396825395 13
1638685051879 0.23809523809523808 14
1638685131363 0.2857142857142857 15
1638685211568 0.19047619047619047 16
1638685291219 0.2698412698412698 17
1638685371004 0.36507936507936506 18
1638685450589 0.23809523809523808 19
1638685530404 0.30158730158730157 20
1638685610053 0.30158730158730157 21
1638685689763 0.2698412698412698 22
1638685769441 0.30158730158730157 23
1638685849147 0.30158730158730157 24
1638685928928 0.30158730158730157 25
