1638684080827 60.0998375415802 0
1638684140511 59.400705099105835 1
1638684200603 59.807111740112305 2
1638684260376 59.42014527320862 3
1638684320098 59.419164419174194 4
1638684379761 59.34434747695923 5
1638684439503 59.44009304046631 6
1638684505253 65.47047924995422 7
1638684581159 75.58792400360107 8
1638684657733 76.2795820236206 9
1638684735351 77.31881070137024 10
1638684813696 77.9830276966095 11
1638684892621 78.65073561668396 12
1638684972204 79.28404188156128 13
1638685051887 79.39275169372559 14
1638685131380 79.21023917198181 15
1638685211577 79.89292240142822 16
1638685291230 79.31495976448059 17
1638685371013 79.44361519813538 18
1638685450600 79.29800534248352 19
1638685530415 79.51243162155151 20
1638685610062 79.35983943939209 21
1638685689773 79.40773105621338 22
1638685769450 79.35934901237488 23
1638685849156 79.43215370178223 24
1638685928937 79.46655416488647 25
