1638684080825 0.001840773124712379 0
1638684140508 0.0017048844940755264 1
1638684200601 0.0015876796062554578 2
1638684260373 0.0014855529971031715 3
1638684320096 0.0013957708144322703 4
1638684379759 0.0013162224415926291 5
1638684439500 0.001245252474939294 6
1638684505250 0.0011815442783718322 7
1638684581157 0.0011240375428539313 8
1638684657730 0.0010718688032584813 9
1638684735348 0.001024327784891165 10
1638684813693 0.0009808248737187973 11
1638684892619 0.0009408665380815731 12
1638684972201 0.0009040365230755323 13
1638685051885 0.0008699812954021487 14
1638685131369 0.0008383986585621462 15
1638685211574 0.0008090287609724525 16
1638685291226 0.0007816469300816821 17
1638685371011 0.0007560579140362153 18
1638685450598 0.0007320912185658332 19
1638685530412 0.0007095973035302466 20
1638685610059 0.0006884444597432103 21
1638685689770 0.0006685162282314404 22
1638685769447 0.000649709255108339 23
1638685849153 0.000631931498625549 24
1638685928934 0.0006151007227433493 25
