1638684080821 3.3271267133012286 0
1638684140506 3.232257471580919 1
1638684200598 3.182343587794403 2
1638684260370 3.1354495306066115 3
1638684320093 3.1100960890913623 4
1638684379756 2.842625909461009 5
1638684439497 2.7899650716493127 6
1638684505247 2.834814289028995 7
1638684581154 2.811435656696812 8
1638684657727 2.674163920162563 9
1638684735345 2.7730878394388965 10
1638684813690 2.743105860824678 11
1638684892616 2.6261710721886264 12
1638684972199 2.601319349917262 13
1638685051882 2.460000088252859 14
1638685131366 2.4416158125959955 15
1638685211571 2.5234887173482634 16
1638685291222 2.3348904113556266 17
1638685371008 2.3243805668142468 18
1638685450595 2.5670335771731647 19
1638685530407 2.3838213566889013 20
1638685610056 2.2083533049076087 21
1638685689767 2.2555688148609794 22
1638685769444 2.3306943923374837 23
1638685849150 2.368854752575058 24
1638685928932 2.3118658470971742 25
