1638822892398 0.3292047361418002 1
1638822983888 0.3697755453903551 2
1638823082210 0.3865024240030719 3
1638823170186 0.3940157094787311 4
1638823246847 0.4003076636033251 5
1638823322278 0.4043550718037379 6
1638823407601 0.4062820482805285 7
1638823495191 0.41092438932099096 8
1638823579808 0.41285952357198463 9
1638823674023 0.4182040135984476 10
1638823756446 0.41830656814437384 11
1638823834151 0.42163842530608864 12
1638823914572 0.4234267201037765 13
1638824010187 0.42530067125496834 14
1638824098229 0.4262772701723727 15
1638824185171 0.42575808780730806 16
1638824274332 0.43055833953653455 17
1638824375659 0.43018250045059736 18
1638824457743 0.4299395161212524 19
1638824537153 0.4323093417751996 20
1638824621529 0.43234546894282966 21
1638824704540 0.4314603533358932 22
1638824784122 0.4314819130938866 23
1638824863735 0.43231283794937797 24
1638824944485 0.43195389705586296 25
1638825021512 0.4377330784852794 26
1638825101444 0.4386024612911864 27
1638825180495 0.438307616993182 28
1638825256431 0.4406617098460997 29
1638825336036 0.4398284542078228 30
1638825421486 0.44142679003621804 31
1638825513681 0.43755127725573634 32
1638825598561 0.4387819317379439 33
1638825676329 0.4365554493631242 34
1638825754281 0.4420660078181008 35
1638825832962 0.44266676764956786 36
1638825912026 0.4411132994414754 37
1638825992764 0.4432785987164933 38
1638826074395 0.44175892689324525 39
1638826153885 0.4438793585479604 40
1638826242164 0.44074736619960364 41
1638826325429 0.44284740348771817 42
1638826403952 0.4425041953952326 43
1638826485967 0.4429534542078228 44
1638826570636 0.44400580363466563 45
1638826651292 0.4423573559419268 46
1638826732403 0.4422513052218222 47
1638826811590 0.4468720865042912 48
1638826899563 0.4472887143234297 49
1638827002734 0.4465265476290201 50
1638827102174 0.4441013658322351 51
1638827204504 0.4467468068089788 52
1638827306900 0.4456111318114176 53
1638827409893 0.44397841691970824 54
1638827511915 0.4474681847701872 55
1638827613930 0.44531978368759156 56
1638827715121 0.44488858845881646 57
1638827816950 0.4458412968354418 58
1638827917359 0.4439446205348638 59
1638828020042 0.44488276150185246 60
1638828120195 0.44580633505920453 61
1638828220386 0.4464228276917011 62
1638828320025 0.44513914784944125 63
1638828418291 0.4456414320220837 64
1638828521323 0.44587975478585745 65
1638828614001 0.44862541952574186 66
1638828689002 0.44867727949440134 67
