1638822892392 2.5117059209628727 1
1638822983881 2.2965062672905687 2
1638823082205 2.237115449424654 3
1638823170180 2.2013958360112587 4
1638823246841 2.1804446232886194 5
1638823322272 2.1673418005752088 6
1638823407595 2.1570382329766806 7
1638823495186 2.131997989802814 8
1638823579804 2.1258394765227315 9
1638823674017 2.110220889360683 10
1638823756441 2.10929006763336 11
1638823834145 2.0929799430453544 12
1638823914566 2.087842238240893 13
1638824010181 2.081372354075727 14
1638824098223 2.0797338582848557 15
1638824185164 2.0751259955785524 16
1638824274327 2.0666603529466423 17
1638824375653 2.0683615489885736 18
1638824457738 2.0718635863996844 19
1638824537147 2.059616884016656 20
1638824621523 2.0636721597543577 21
1638824704535 2.0640082236284516 22
1638824784117 2.0538466270046603 23
1638824863729 2.044079214007523 24
1638824944477 2.049613682308049 25
1638825021506 2.0402453861513745 26
1638825101438 2.034417930823541 27
1638825180490 2.0301217128796685 28
1638825256426 2.0358910505126153 29
1638825336029 2.030828459844124 30
1638825421480 2.033500980020425 31
1638825513675 2.032409658066064 32
1638825598556 2.027901921109474 33
1638825676324 2.0332165346585693 34
1638825754275 2.0217761424800984 35
1638825832955 2.0260900618884476 36
1638825912020 2.0308961257706697 37
1638825992758 2.019704327510573 38
1638826074389 2.0296904989029816 39
1638826153879 2.0194191850306664 40
1638826242157 2.0191834681244423 41
1638826325423 2.0157311764329147 42
1638826403945 2.0163125310979324 43
1638826485961 2.0191410351246 44
1638826570629 2.020148119748997 45
1638826651286 2.0173375677424237 46
1638826732397 2.013074845107388 47
1638826811583 2.0117129522705204 48
1638826899558 2.0084194134689413 49
1638827002729 2.0161230047048995 50
1638827102170 2.0178265374747117 51
1638827204500 2.0151913259729515 52
1638827306896 2.0127117937342502 53
1638827409889 2.0159171796912436 54
1638827511911 2.0070847778284806 55
1638827613925 2.014629245517565 56
1638827715117 2.011773112521467 57
1638827816945 2.008604668833177 58
1638827917354 2.0119075065971117 59
1638828020036 2.006864708939011 60
1638828120189 2.0060444479574535 61
1638828220382 2.01033374952387 62
1638828320018 2.0141223369838466 63
1638828418287 2.012833350268437 64
1638828521319 2.008817975556467 65
1638828613995 2.003523633121843 66
1638828688996 2.0045877947606416 67
