1638799654811 0.3250320482805285 1
1638799722980 0.37495513237969724 2
1638799788723 0.3867086984863171 3
1638799860078 0.39280311858033856 4
1638799931133 0.3994551789898404 5
1638800002691 0.40545345420782275 6
1638800073926 0.40965644227976056 7
1638800144644 0.4102333115704487 8
1638800214872 0.41361586330943023 9
1638800286533 0.41706717320949355 10
1638800361693 0.4200995245076328 11
1638800435650 0.41822091179086984 12
1638800503494 0.42118450492792736 13
1638800573020 0.4267877120847647 14
1638800641791 0.42512236619960364 15
1638800709251 0.42514392595759704 16
