1638799654806 2.5256321589175 1
1638799722976 2.2884342713102375 2
1638799788718 2.2353697074048484 3
1638799860073 2.2069520775835336 4
1638799931128 2.1734724041460125 5
1638800002686 2.152216573788605 6
1638800073920 2.139475709843386 7
1638800144638 2.1280247536753922 8
1638800214868 2.115274757191544 9
1638800286528 2.106510129641902 10
1638800361689 2.099749383364119 11
1638800435644 2.098545173550078 12
1638800503488 2.0819273909205207 13
1638800573013 2.0812834155814435 14
1638800641786 2.0713334085539388 15
1638800709246 2.070484996076835 16
