1638969655862 0.06451612903225806 0
1638969786252 0.0967741935483871 1
1638969917210 0.3225806451612903 2
1638970044150 0.22580645161290322 3
1638970171051 0.25806451612903225 4
1638970291731 0.06451612903225806 5
1638970400235 0.25806451612903225 6
1638970508845 0.1935483870967742 7
1638970617252 0.12903225806451613 8
1638970724515 0.1935483870967742 9
1638970833572 0.25806451612903225 10
1638970943102 0.3225806451612903 11
1638971051741 0.2903225806451613 12
1638971160095 0.1935483870967742 13
1638971266868 0.1935483870967742 14
1638971373655 0.22580645161290322 15
1638971480752 0.2903225806451613 16
1638971588032 0.25806451612903225 17
1638971696158 0.3870967741935484 18
1638971804274 0.3548387096774194 19
1638971911809 0.12903225806451613 20
1638972019234 0.2903225806451613 21
1638972126685 0.22580645161290322 22
1638972234615 0.2903225806451613 23
1638972341982 0.1935483870967742 24
1638972448767 0.3548387096774194 25
1638972557255 0.25806451612903225 26
1638972666733 0.3870967741935484 27
1638972775756 0.2903225806451613 28
1638972884489 0.1935483870967742 29
1638972999270 0.2903225806451613 30
1638973119831 0.3870967741935484 31
1638973236272 0.2903225806451613 32
1638973353643 0.2903225806451613 33
1638973466268 0.2903225806451613 34
1638973577089 0.22580645161290322 35
1638973690668 0.2903225806451613 36
1638973805272 0.22580645161290322 37
1638973915874 0.41935483870967744 38
1638974025502 0.3548387096774194 39
1638974138020 0.16129032258064516 40
1638974248635 0.1935483870967742 41
1638974361704 0.3548387096774194 42
1638974473993 0.25806451612903225 43
1638974583810 0.45161290322580644 44
1638974692228 0.1935483870967742 45
1638974801870 0.3870967741935484 46
1638974910955 0.1935483870967742 47
1638975017231 0.3548387096774194 48
1638975123295 0.2903225806451613 49
1638975228934 0.2903225806451613 50
1638975334364 0.2903225806451613 51
1638975442576 0.2903225806451613 52
1638975558216 0.2903225806451613 53
1638975666328 0.3870967741935484 54
1638975772631 0.3225806451612903 55
1638975878671 0.22580645161290322 56
1638975985305 0.3548387096774194 57
1638976091688 0.12903225806451613 58
1638976198845 0.25806451612903225 59
1638976307285 0.3225806451612903 60
1638976415385 0.3548387096774194 61
1638976523710 0.22580645161290322 62
1638976632676 0.1935483870967742 63
1638976742322 0.1935483870967742 64
1638976855220 0.2903225806451613 65
1638976963838 0.22580645161290322 66
1638977073119 0.3225806451612903 67
1638977181667 0.3225806451612903 68
1638977290393 0.1935483870967742 69
1638977399341 0.3225806451612903 70
1638977507647 0.25806451612903225 71
1638977615771 0.3225806451612903 72
1638977724295 0.25806451612903225 73
1638977832702 0.25806451612903225 74
1638977941375 0.2903225806451613 75
1638978049724 0.2903225806451613 76
1638978158092 0.25806451612903225 77
1638978266436 0.41935483870967744 78
1638978374506 0.3225806451612903 79
1638978483538 0.3548387096774194 80
1638978591768 0.2903225806451613 81
1638978697972 0.25806451612903225 82
1638978804589 0.3225806451612903 83
1638978911326 0.3870967741935484 84
1638979018344 0.22580645161290322 85
1638979124209 0.22580645161290322 86
1638979230728 0.6129032258064516 87
1638979336572 0.41935483870967744 88
1638979442933 0.25806451612903225 89
1638979548677 0.3548387096774194 90
1638979654913 0.16129032258064516 91
1638979761012 0.25806451612903225 92
1638979874738 0.3548387096774194 93
1638979994552 0.2903225806451613 94
1638980104141 0.2903225806451613 95
1638980213805 0.2903225806451613 96
1638980323629 0.3225806451612903 97
1638980436412 0.3548387096774194 98
1638980545726 0.2903225806451613 99
1638980654828 0.3548387096774194 100
1638980762835 0.3548387096774194 101
1638980870736 0.2903225806451613 102
1638980978587 0.3548387096774194 103
1638981086658 0.45161290322580644 104
1638981194664 0.2903225806451613 105
1638981302803 0.2903225806451613 106
1638981411093 0.3870967741935484 107
1638981519061 0.3225806451612903 108
1638981627609 0.41935483870967744 109
1638981735546 0.45161290322580644 110
1638981843262 0.25806451612903225 111
1638981950741 0.3870967741935484 112
1638982058567 0.25806451612903225 113
1638982166164 0.22580645161290322 114
1638982274107 0.3548387096774194 115
1638982379556 0.2903225806451613 116
1638982485332 0.3225806451612903 117
1638982591839 0.45161290322580644 118
1638982699481 0.3870967741935484 119
1638982805108 0.22580645161290322 120
1638982910903 0.25806451612903225 121
1638983016711 0.25806451612903225 122
1638983121821 0.25806451612903225 123
1638983227607 0.3548387096774194 124
1638983333089 0.2903225806451613 125
1638983438603 0.22580645161290322 126
1638983545034 0.25806451612903225 127
1638983653683 0.2903225806451613 128
1638983761251 0.3225806451612903 129
1638983868890 0.3225806451612903 130
1638983976718 0.22580645161290322 131
1638984088307 0.3548387096774194 132
1638984195812 0.25806451612903225 133
1638984303684 0.3548387096774194 134
1638984411329 0.22580645161290322 135
1638984519471 0.41935483870967744 136
1638984627699 0.2903225806451613 137
1638984735630 0.3548387096774194 138
1638984844187 0.3548387096774194 139
1638984951994 0.3548387096774194 140
1638985059718 0.45161290322580644 141
1638985167856 0.3225806451612903 142
1638985276218 0.2903225806451613 143
1638985383916 0.2903225806451613 144
1638985491036 0.2903225806451613 145
1638985598781 0.22580645161290322 146
1638985706580 0.45161290322580644 147
1638985814903 0.4838709677419355 148
1638985922544 0.3225806451612903 149
1638986028350 0.4838709677419355 150
1638986134209 0.3548387096774194 151
1638986240076 0.3548387096774194 152
1638986345706 0.3870967741935484 153
1638986451297 0.45161290322580644 154
1638986556490 0.3870967741935484 155
1638986661659 0.41935483870967744 156
1638986767221 0.1935483870967742 157
1638986873484 0.3548387096774194 158
1638986978803 0.3870967741935484 159
1638987084290 0.45161290322580644 160
1638987191669 0.5161290322580645 161
1638987299412 0.22580645161290322 162
1638987407327 0.41935483870967744 163
1638987515568 0.3870967741935484 164
1638987625442 0.25806451612903225 165
1638987734500 0.3870967741935484 166
1638987842476 0.22580645161290322 167
1638987950504 0.2903225806451613 168
1638988058205 0.4838709677419355 169
1638988165730 0.3225806451612903 170
1638988273416 0.5161290322580645 171
1638988381162 0.4838709677419355 172
1638988488996 0.3548387096774194 173
1638988596405 0.2903225806451613 174
1638988704108 0.5483870967741935 175
1638988812038 0.2903225806451613 176
1638988920307 0.25806451612903225 177
1638989028400 0.2903225806451613 178
1638989136743 0.3225806451612903 179
1638989245793 0.25806451612903225 180
1638989354758 0.2903225806451613 181
1638989464454 0.4838709677419355 182
1638989573144 0.45161290322580644 183
1638989680743 0.3225806451612903 184
1638989787554 0.3225806451612903 185
1638989892859 0.25806451612903225 186
1638989998658 0.2903225806451613 187
1638990104522 0.22580645161290322 188
1638990210157 0.2903225806451613 189
1638990315651 0.2903225806451613 190
1638990421129 0.45161290322580644 191
1638990526950 0.41935483870967744 192
1638990632479 0.3870967741935484 193
1638990738289 0.3548387096774194 194
1638990845057 0.45161290322580644 195
1638990952343 0.3548387096774194 196
1638991060926 0.3548387096774194 197
1638991170486 0.3225806451612903 198
1638991283505 0.3870967741935484 199
