1638969655876 140.1771981716156 0
1638969786269 125.701899766922 1
1638969917226 125.9512345790863 2
1638970044164 122.42665839195251 3
1638970171065 122.48802089691162 4
1638970291744 116.40925478935242 5
1638970400245 104.66315460205078 6
1638970508856 105.01321816444397 7
1638970617263 104.8317039012909 8
1638970724531 103.81143260002136 9
1638970833584 105.422114610672 10
1638970943117 106.0753800868988 11
1638971051751 105.09898948669434 12
1638971160105 104.73795437812805 13
1638971266879 103.0040979385376 14
1638971373665 103.32373595237732 15
1638971480764 103.737628698349 16
1638971588043 103.7286536693573 17
1638971696171 104.72100067138672 18
1638971804290 104.67412519454956 19
1638971911824 104.09467434883118 20
1638972019248 103.89272236824036 21
1638972126696 103.90717625617981 22
1638972234626 104.5604293346405 23
1638972341992 103.90767979621887 24
1638972448779 103.3147599697113 25
1638972557266 104.86162400245667 26
1638972666745 106.04895639419556 27
1638972775767 105.58070135116577 28
1638972884503 105.11095714569092 29
1638972999287 111.21514868736267 30
1638973119844 116.40731120109558 31
1638973236291 112.95597910881042 32
1638973353654 113.07317566871643 33
1638973466280 108.81804513931274 34
1638973577102 107.37889361381531 35
1638973690683 110.01085710525513 36
1638973805283 110.90546369552612 37
1638973915887 106.9789628982544 38
1638974025514 105.99958109855652 39
1638974138037 108.96265959739685 40
1638974248649 107.10363340377808 41
1638974361721 109.56504774093628 42
1638974474007 108.34231734275818 43
1638974583824 106.3332006931305 44
1638974692239 105.0281777381897 45
1638974801883 105.92975616455078 46
1638974910968 105.44207191467285 47
1638975017245 102.79665184020996 48
1638975123306 102.54831600189209 49
1638975228948 102.26340961456299 50
1638975334375 102.00776076316833 51
1638975442594 104.71701121330261 52
1638975558232 111.64448857307434 53
1638975666340 104.49859428405762 54
1638975772649 102.75875401496887 55
1638975878687 102.45907211303711 56
1638975985320 103.06493401527405 57
1638976091698 102.84202408790588 58
1638976198856 103.68478536605835 59
1638976307301 105.03815245628357 60
1638976415396 104.63274550437927 61
1638976523722 104.7798421382904 62
1638976632690 105.57970356941223 63
1638976742337 106.11128234863281 64
1638976855231 109.3506212234497 65
1638976963850 105.09299850463867 66
1638977073132 105.86394476890564 67
1638977181680 105.11793828010559 68
1638977290411 105.25856256484985 69
1638977399353 105.40217900276184 70
1638977507664 104.81275510787964 71
1638977615784 104.62026929855347 72
1638977724310 104.9394154548645 73
1638977832719 104.9214653968811 74
1638977941387 105.22365593910217 75
1638978049735 104.88555836677551 76
1638978158105 104.73895263671875 77
1638978266449 104.86461615562439 78
1638978374524 104.5793788433075 79
1638978483550 105.45902705192566 80
1638978591779 104.61029601097107 81
1638978697987 102.63058924674988 82
1638978804601 103.30378937721252 83
1638978911338 103.18412137031555 84
1638979018357 103.4474184513092 85
1638979124222 102.41318583488464 86
1638979230740 103.03052115440369 87
1638979336585 102.32092475891113 88
1638979442948 102.9886314868927 89
1638979548692 102.41119265556335 90
1638979654926 102.68544316291809 91
1638979761024 102.56925964355469 92
1638979874753 110.28762435913086 93
1638979994572 116.04922342300415 94
1638980104154 105.93774676322937 95
1638980213819 106.20004534721375 96
1638980323640 106.36360836029053 97
1638980436425 109.35760164260864 98
1638980545738 105.21418809890747 99
1638980654845 105.50191259384155 100
1638980762857 104.56142663955688 101
1638980870751 104.4208025932312 102
1638980978604 104.19440960884094 103
1638981086676 104.57538962364197 104
1638981194677 104.54945850372314 105
1638981302822 104.66913962364197 106
1638981411106 104.85564017295837 107
1638981519073 104.2023868560791 108
1638981627622 105.11993360519409 109
1638981735563 104.44973850250244 110
1638981843275 104.26521801948547 111
1638981950753 104.1056456565857 112
1638982058584 104.21036648750305 113
1638982166176 104.06176280975342 114
1638982274121 104.25025916099548 115
1638982379571 102.06611919403076 116
1638982485352 102.34834432601929 117
1638982591851 102.90685081481934 118
1638982699499 103.87876081466675 119
1638982805123 102.00127172470093 120
1638982910915 102.3244080543518 121
1638983016724 102.15288043022156 122
1638983121834 101.68014454841614 123
1638983227621 102.35731983184814 124
1638983333103 102.03369235992432 125
1638983438623 102.12894225120544 126
1638983545046 102.98266243934631 127
1638983653695 105.17233157157898 128
1638983761262 104.18942165374756 129
1638983868904 104.19440793991089 130
1638983976733 104.29912781715393 131
1638984088319 108.08201336860657 132
1638984195824 104.0537850856781 133
1638984303697 104.3739287853241 134
1638984411341 104.19740009307861 135
1638984519486 104.49759721755981 136
1638984627711 104.63524436950684 137
1638984735641 104.39188075065613 138
1638984844199 105.10400986671448 139
1638984952006 104.33354473114014 140
1638985059731 104.10764002799988 141
1638985167872 104.57140016555786 142
1638985276230 104.92744779586792 143
1638985383928 104.23629593849182 144
1638985491048 103.69773554801941 145
1638985598794 104.01189661026001 146
1638985706594 104.26523494720459 147
1638985814915 104.71102666854858 148
1638985922557 103.95006155967712 149
1638986028364 102.37527179718018 150
1638986134222 102.44957971572876 151
1638986240091 102.39122915267944 152
1638986345717 102.10100364685059 153
1638986451309 102.12992787361145 154
1638986556503 101.6851167678833 155
1638986661674 101.5813934803009 156
1638986767233 101.91649913787842 157
1638986873499 102.75226354598999 158
1638986978817 101.75295162200928 159
1638987084305 101.97135186195374 160
1638987191680 103.82838654518127 161
1638987299425 104.33255195617676 162
1638987407340 104.44972538948059 163
1638987515579 104.73795485496521 164
1638987625458 106.41247749328613 165
1638987734512 105.17079710960388 166
1638987842494 104.5853624343872 167
1638987950516 104.48862099647522 168
1638988058218 104.0717363357544 169
1638988165742 104.09203267097473 170
1638988273428 104.21335744857788 171
1638988381174 104.33503150939941 172
1638988489010 104.37791776657104 173
1638988596419 104.02386403083801 174
1638988704123 104.16847681999207 175
1638988812056 104.49112176895142 176
1638988920322 104.48562932014465 177
1638989028411 104.50657343864441 178
1638989136762 104.91747522354126 179
1638989245805 105.09998607635498 180
1638989354771 105.49193787574768 181
1638989464469 106.10529804229736 182
1638989573162 104.98329854011536 183
1638989680755 104.22432780265808 184
1638989787569 103.38955879211426 185
1638989892871 101.78037023544312 186
1638989998668 102.36231732368469 187
1638990104535 102.49645614624023 188
1638990210169 102.10698819160461 189
1638990315663 101.99030065536499 190
1638990421143 102.10450387001038 191
1638990526961 102.43710684776306 192
1638990632496 102.06760048866272 193
1638990738305 102.3186776638031 194
1638990845070 103.25192785263062 195
1638990952359 103.86978363990784 196
1638991060939 104.86361813545227 197
1638991170502 105.9556987285614 198
1638991283518 109.53213620185852 199
