1638969655871 0.0009204712812960235 0
1638969786264 0.0008525876033762469 1
1638969917221 0.0007940289026520565 2
1638970044160 0.0007429972509101716 3
1638970171060 0.0006981290142418319 4
1638970291740 0.0006583711896767399 5
1638970400242 0.0006228977201943441 6
1638970508852 0.0005910514805839589 7
1638970617259 0.0005623031938821412 8
1638970724526 0.0005362217813287576 9
1638970833580 0.0005124525981346726 10
1638970943112 0.0004907012120319937 11
1638971051748 0.00047072114479382413 12
1638971160102 0.0004523044913835994 13
1638971266876 0.0004352746583093932 14
1638971373662 0.00041948068291455175 15
1638971480760 0.00040479274611398967 16
1638971588040 0.0003910985959560405 17
1638971696166 0.0003783006733751986 18
1638971804286 0.0003663137843877066 19
1638971911821 0.0003550632012498225 20
1638972019243 0.0003444831031037928 21
1638972126693 0.00033451528734863183 22
1638972234622 0.0003251080984427322 23
1638972341989 0.0003162155325069567 24
1638972448775 0.0003077964849641417 25
1638972557263 0.0002998141152485459 26
1638972666741 0.00029223530786989685 27
1638972775763 0.0002850302132025995 28
1638972884498 0.0002781718545717544 29
1638972999280 0.00027163579073178685 30
1638973119840 0.0002653998248361156 31
1638973236285 0.00025944375259443755 32
1638973353650 0.0002537491435966404 33
1638973466276 0.0002482991508169042 34
1638973577097 0.00024307834415031966 35
1638973690678 0.000238072564517665 36
1638973805280 0.00023326879563320812 37
1638973915883 0.00022865505099007636 38
1638974025510 0.00022422027399717482 39
1638974138032 0.00021995424951610067 40
1638974248646 0.00021584752530812233 41
1638974361715 0.00021189134211976096 42
1638974474002 0.00020807757131858758 43
1638974583819 0.00020439865914479599 44
1638974692235 0.00020084757677398622 45
1638974801877 0.00019741777549650569 46
1638974910962 0.00019410314641200334 47
1638975017240 0.0001908979841172877 48
1638975123302 0.00018779695393340718 49
1638975228943 0.00018479506227593598 50
1638975334371 0.00018188762982229579 51
1638975442587 0.00017907026717283863 52
1638975558226 0.00017633885273942408 53
1638975666336 0.00017368951262722757 54
1638975772643 0.00017111860230325637 55
1638975878681 0.00016862268986914879 56
1638975985315 0.00016619854077681194 57
1638976091695 0.0001638431038437592 58
1638976198853 0.00016155349844100873 59
1638976307295 0.00015932700274042444 60
1638976415393 0.00015716104292068083 61
1638976523718 0.00015505318324185194 62
1638976632685 0.0001530011169081534 63
1638976742332 0.0001510026576467746 64
1638976855227 0.00014905573193817168 65
1638976963846 0.00014715837183977397 66
1638977073127 0.00014530870835089148 67
1638977181674 0.0001435049652717984 68
1638977290405 0.00014174545351457852 69
1638977399349 0.0001400285658274288 70
1638977507659 0.00013835277189778498 71
1638977615779 0.00013671661380290935 72
1638977724305 0.0001351187017795133 73
1638977832714 0.00013355771028661484 74
1638977941383 0.00013203237433818773 75
1638978049732 0.00013054148608427756 76
1638978158100 0.0001290838916211646 77
1638978266445 0.00012765848801286797 78
1638978374518 0.0001262642205078347 79
1638978483546 0.00012490007993605116 80
1638978591776 0.00012356510027307886 81
1638978697983 0.0001222583563586571 82
1638978804597 0.00012097896175855019 83
1638978911334 0.00011972606675925483 84
1638979018352 0.0001184988564860349 85
1638979124219 0.00011729654913552442 86
1638979230736 0.00011611839431484342 87
1638979336580 0.00011496367147981239 88
1638979442942 0.000113831688465435 89
1638979548686 0.00011272178010235136 90
1638979654922 0.00011163330691345069 91
1638979761021 0.00011056565388527708 92
1638979874748 0.00010951822930926852 93
1638979994565 0.00010849046368824181 94
1638980104149 0.00010748180870387686 95
1638980213815 0.00010649173624126768 96
1638980323637 0.00010551973746689318 97
1638980436421 0.00010456532195662632 98
1638980545735 0.00010362801687064115 99
1638980654840 0.00010270736617230188 100
1638980762850 0.00010180292988832218 101
1638980870747 0.00010091428340767353 102
1638980978599 0.00010004101681689492 103
1638981086670 9.918273426961835e-05 104
1638981194672 9.833905338827208e-05 105
1638981302817 9.750960469606257e-05 106
1638981411102 9.669403107746157e-05 107
1638981519069 9.58919872655441e-05 108
1638981627618 9.510313935463009e-05 109
1638981735558 9.432716433678571e-05 110
1638981843271 9.35637496608314e-05 111
1638981950749 9.281259281259282e-05 112
1638982058577 9.20734009152096e-05 113
1638982166172 9.134589034839324e-05 114
1638982274116 9.062978638559347e-05 115
1638982379566 8.9924822848099e-05 116
1638982485345 8.923074177515638e-05 117
1638982591847 8.854729310924966e-05 118
1638982699493 8.787423439573282e-05 119
1638982805118 8.721133049605804e-05 120
1638982910912 8.655835331388655e-05 121
1638983016720 8.591508153341238e-05 122
1638983121829 8.528130036926803e-05 123
1638983227617 8.465680132741864e-05 124
1638983333097 8.404138197648521e-05 125
1638983438616 8.343484572897024e-05 126
1638983545043 8.283700163188893e-05 127
1638983653692 8.224766416633768e-05 128
1638983761259 8.166665305555782e-05 129
1638983868899 8.109379308107758e-05 130
1638983976728 8.052891390653813e-05 131
1638984088316 7.99718499088321e-05 132
1638984195820 7.942244001620217e-05 133
1638984303693 7.888052755296827e-05 134
1638984411337 7.834596009056792e-05 135
1638984519481 7.781858930461308e-05 136
1638984627707 7.729827083768136e-05 137
1638984735638 7.678486416757528e-05 138
1638984844195 7.627823248079695e-05 139
1638984952002 7.577824255099875e-05 140
1638985059726 7.52847646221834e-05 141
1638985167867 7.479767229643813e-05 142
1638985276226 7.4316842425999e-05 143
1638985383924 7.38421550094518e-05 144
1638985491045 7.337349309188562e-05 145
1638985598790 7.291074266882481e-05 146
1638985706589 7.245379259377332e-05 147
1638985814911 7.200253448921402e-05 148
1638985922552 7.155686266091349e-05 149
1638986028359 7.111667401538965e-05 150
1638986134217 7.068186798040699e-05 151
1638986240086 7.025234642837071e-05 152
1638986345714 6.982801360249705e-05 153
1638986451306 6.94087760456432e-05 154
1638986556499 6.899454253168574e-05 155
1638986661669 6.858522399934159e-05 156
1638986767229 6.818073348833087e-05 157
1638986873494 6.778098607778546e-05 158
1638986978812 6.738589882681152e-05 159
1638987084300 6.699539071711866e-05 160
1638987191676 6.66093825976327e-05 161
1638987299420 6.622779713101182e-05 162
1638987407336 6.585055874199094e-05 163
1638987515576 6.54775935674812e-05 164
1638987625454 6.510882940835607e-05 165
1638987734508 6.474419568285703e-05 166
1638987842488 6.438362338155666e-05 167
1638987950512 6.402704502381805e-05 168
1638988058213 6.367439461569319e-05 169
1638988165739 6.332560760920501e-05 170
1638988273424 6.298062086296047e-05 171
1638988381170 6.2639372604044e-05 172
1638988489005 6.230180239114318e-05 173
1638988596414 6.19678510788603e-05 174
1638988704118 6.163746078316558e-05 175
1638988812051 6.131057484794978e-05 176
1638988920318 6.098713781263531e-05 177
1638989028408 6.066709538080735e-05 178
1638989136756 6.035039438982734e-05 179
1638989245802 6.0036982781393334e-05 180
1638989354767 5.972680957301305e-05 181
1638989464465 5.94198248303564e-05 182
1638989573155 5.911597964045661e-05 183
1638989680751 5.881522608572907e-05 184
1638989787564 5.851751721877943e-05 185
1638989892867 5.822280703797292e-05 186
1638989998664 5.793105046373806e-05 187
1638990104531 5.764220331557953e-05 188
1638990210165 5.73562222897751e-05 189
1638990315659 5.7073064937733285e-05 190
1638990421138 5.67926896449889e-05 191
1638990526958 5.651505561081472e-05 192
1638990632490 5.624012282842826e-05 193
1638990738299 5.596785206577342e-05 194
1638990845067 5.569820484685779e-05 195
1638990952353 5.543114343362674e-05 196
1638991060935 5.516663080835665e-05 197
1638991170496 5.4904630656549574e-05 198
1638991283514 5.464510735031339e-05 199
