1638969655867 3.5212917082434383 0
1638969786258 3.3183361255324395 1
1638969917216 2.604074007820919 2
1638970044154 3.0082760608315273 3
1638970171055 3.0009691970034655 4
1638970291736 3.0998239077198146 5
1638970400238 2.911159119683818 6
1638970508849 3.324445598366842 7
1638970617256 2.9393800769450267 8
1638970724521 3.1429714717968427 9
1638970833576 3.084103037407254 10
1638970943107 3.0592690645643716 11
1638971051745 2.5352079298246193 12
1638971160098 2.780735378566267 13
1638971266873 2.9796169006476214 14
1638971373658 2.946749040897273 15
1638971480756 2.814442290906458 16
1638971588036 2.8518636815838727 17
1638971696162 2.3383979377883226 18
1638971804281 2.640721874846437 19
1638971911814 2.955563255786103 20
1638972019238 2.281903420406741 21
1638972126689 3.155472007094452 22
1638972234619 2.6269590804415732 23
1638972341985 2.987021798247944 24
1638972448771 2.352743973653601 25
1638972557260 2.691875493551335 26
1638972666737 2.5538399997634404 27
1638972775760 2.388685000353291 28
1638972884493 2.939786556482837 29
1638972999275 2.6865216332579336 30
1638973119836 2.553350920179438 31
1638973236279 2.7753493576363506 32
1638973353647 2.338670526523893 33
1638973466272 2.6170667795254827 34
1638973577093 3.0364910126891678 35
1638973690673 2.7081241216257155 36
1638973805276 2.5797039980372607 37
1638973915878 2.0677599653885093 38
1638974025507 2.670153708704567 39
1638974138026 3.2488657640816876 40
1638974248641 2.7171491393806515 41
1638974361710 2.4316499281386914 42
1638974473997 2.631982669069768 43
1638974583814 2.19005197462178 44
1638974692232 3.067525298002281 45
1638974801874 2.291885217509192 46
1638974910959 2.665407435148223 47
1638975017235 2.7331383905240094 48
1638975123299 2.4931847431832765 49
1638975228939 2.4361464699110225 50
1638975334368 2.7683118985450794 51
1638975442581 2.6203951979414253 52
1638975558221 2.7033462025621007 53
1638975666332 2.1477932234852255 54
1638975772637 3.2379209561137925 55
1638975878676 2.8026981713142014 56
1638975985310 2.33425042719674 57
1638976091692 2.851912522492953 58
1638976198849 2.8079766054256643 59
1638976307289 2.6923893358737088 60
1638976415390 2.176443800197191 61
1638976523714 2.504138582016358 62
1638976632680 3.0005555100925094 63
1638976742326 2.487855763582926 64
1638976855224 2.5232854705470324 65
1638976963842 2.5087245807933978 66
1638977073123 2.479072950883831 67
1638977181671 2.7408831677162717 68
1638977290399 2.8542809713171358 69
1638977399345 2.6314041033470343 70
1638977507653 2.6864820549221977 71
1638977615775 2.393704895719181 72
1638977724300 2.4856918729992934 73
1638977832708 2.7596566246773007 74
1638977941379 2.479463626852733 75
1638978049728 2.6697920824279238 76
1638978158096 2.3688273742065378 77
1638978266440 2.2691711548217217 78
1638978374512 2.711695681127599 79
1638978483542 2.4939687784296862 80
1638978591772 2.299039629097039 81
1638978697978 2.765698892651157 82
1638978804593 2.1558137090229974 83
1638978911331 2.309492498769145 84
1638979018348 2.9767817960558234 85
1638979124214 2.9723807362747747 86
1638979230732 2.0766062075092777 87
1638979336576 2.3982062748071415 88
1638979442938 2.376507460990816 89
1638979548681 2.3850544214806133 90
1638979654918 2.5479200180904886 91
1638979761017 2.5699396929528233 92
1638979874743 2.306255796556302 93
1638979994558 2.9263175646401147 94
1638980104146 2.4349329038968497 95
1638980213810 2.437489257126921 96
1638980323633 2.458720438093464 97
1638980436417 2.4847059416316566 98
1638980545731 2.605240638834059 99
1638980654834 2.812967771875784 100
1638980762842 2.774586349768591 101
1638980870741 2.34244138424037 102
1638980978593 2.449372496258729 103
1638981086664 2.1174788447102606 104
1638981194668 2.5775236952170384 105
1638981302810 2.3808127799627576 106
1638981411098 2.393135449827214 107
1638981519065 2.5484124287365026 108
1638981627614 1.8923044123109467 109
1638981735552 2.1337957681541004 110
1638981843266 2.632984284991862 111
1638981950745 2.2775607679973024 112
1638982058572 2.7028599141599607 113
1638982166168 2.3496812263618154 114
1638982274112 2.4394909991605958 115
1638982379562 2.340836644822438 116
1638982485339 2.8613878809490796 117
1638982591843 2.219798040451504 118
1638982699487 2.7277596013438785 119
1638982805113 2.5590393631883033 120
1638982910907 2.3451751294060146 121
1638983016716 2.3259689742681 122
1638983121825 2.555132840073623 123
1638983227613 1.8700012281706369 124
1638983333093 2.344098331119008 125
1638983438609 2.5334078038686596 126
1638983545038 2.4925067759951 127
1638983653688 2.4619438784183596 128
1638983761255 2.6844925992742485 129
1638983868895 2.5786470281479317 130
1638983976723 2.8405854177124787 131
1638984088311 2.471211422696316 132
1638984195816 2.7919926356923392 133
1638984303689 2.7333062107003934 134
1638984411333 2.5448545984354505 135
1638984519475 2.592929169284022 136
1638984627703 2.5508017603277984 137
1638984735634 2.5800049589404135 138
1638984844191 2.4662692789129985 139
1638984951998 2.2577397703639974 140
1638985059722 2.0849696520714613 141
1638985167862 2.2764833420758896 142
1638985276222 2.4937542733728133 143
1638985383920 2.50393622545507 144
1638985491041 2.680692491508037 145
1638985598786 2.6651524191170823 146
1638985706585 2.3089717483022505 147
1638985814907 2.0814796184585282 148
1638985922548 2.6935114195520695 149
1638986028355 1.851809532717645 150
1638986134213 2.278567165447305 151
1638986240080 2.0515945021674704 152
1638986345710 2.217577650200775 153
1638986451302 2.361359121823131 154
1638986556495 2.4231992863717577 155
1638986661663 2.2277308715133883 156
1638986767225 2.7551699949201596 157
1638986873488 2.285064044350922 158
1638986978807 2.5204693872976422 159
1638987084295 1.9348416146168308 160
1638987191673 1.962338063655259 161
1638987299416 2.952106057922899 162
1638987407331 2.1716761974723897 163
1638987515572 2.444774451080206 164
1638987625448 2.4452280522912755 165
1638987734504 2.2899680848208006 166
1638987842482 2.8148114325691265 167
1638987950508 2.5551356463433277 168
1638988058209 2.214532312462808 169
1638988165735 2.3621738797333993 170
1638988273420 2.0688888150582905 171
1638988381167 1.8784140444978503 172
1638988489000 2.147679307171831 173
1638988596409 2.2770912409216066 174
1638988704113 2.1798141324275493 175
1638988812045 2.868400775513566 176
1638988920313 2.737417001174146 177
1638989028404 2.591873306076372 178
1638989136749 2.1115528098014393 179
1638989245797 2.3487030815577645 180
1638989354763 2.4507908640695515 181
1638989464459 2.4333761301384786 182
1638989573150 2.309984381348042 183
1638989680747 2.1187969343554682 184
1638989787559 2.4009252000210117 185
1638989892863 2.9611293180770724 186
1638989998662 2.2873910601792016 187
1638990104527 2.724092066758938 188
1638990210161 2.4675566110410516 189
1638990315655 2.30729444910012 190
1638990421133 2.38235196332507 191
1638990526954 2.3115194428543604 192
1638990632484 2.304149969584659 193
1638990738294 2.6033946286745957 194
1638990845061 2.1267658497722826 195
1638990952347 2.0548341482818833 196
1638991060930 2.1596916824953163 197
1638991170491 2.393470497522481 198
1638991283510 2.360547876354533 199
