1638670117597 0.36507936507936506 0
1638670176059 0.38095238095238093 1
1638670234310 0.4444444444444444 2
1638670292748 0.5396825396825397 3
1638670351106 0.5555555555555556 4
1638670409170 0.5238095238095238 5
1638670467389 0.5238095238095238 6
1638670525902 0.6031746031746031 7
1638670584273 0.4603174603174603 8
1638670642264 0.5238095238095238 9
1638670700468 0.5079365079365079 10
1638670760261 0.5555555555555556 11
1638670821366 0.5873015873015873 12
1638670881625 0.5555555555555556 13
1638670941825 0.5873015873015873 14
1638671002125 0.6190476190476191 15
1638671062432 0.5873015873015873 16
1638671122772 0.5714285714285714 17
1638671182994 0.5396825396825397 18
1638671243243 0.5714285714285714 19
1638671303474 0.6190476190476191 20
1638671363691 0.5714285714285714 21
1638671423947 0.6349206349206349 22
1638671484133 0.5873015873015873 23
1638671544329 0.6031746031746031 24
1638671604616 0.5714285714285714 25
1638671664747 0.6666666666666666 26
1638671725125 0.5079365079365079 27
1638671785865 0.6349206349206349 28
1638671846057 0.6190476190476191 29
1638671906423 0.6190476190476191 30
1638671966578 0.6190476190476191 31
1638672026906 0.7142857142857143 32
1638672087078 0.5555555555555556 33
1638672147273 0.6507936507936508 34
1638672207557 0.6349206349206349 35
1638672267728 0.6825396825396826 36
1638672328014 0.6507936507936508 37
1638672388319 0.5873015873015873 38
1638672448522 0.6666666666666666 39
1638672508933 0.5714285714285714 40
1638672569114 0.6507936507936508 41
1638672629424 0.6507936507936508 42
1638672689789 0.7142857142857143 43
1638672750039 0.5873015873015873 44
1638672810317 0.6349206349206349 45
1638672870626 0.6507936507936508 46
1638672930989 0.6190476190476191 47
1638672991246 0.6507936507936508 48
1638673052398 0.6666666666666666 49
1638673116518 0.6349206349206349 50
1638673176802 0.6666666666666666 51
1638673237114 0.5873015873015873 52
1638673297323 0.6031746031746031 53
1638673357569 0.6825396825396826 54
1638673417860 0.6190476190476191 55
1638673478107 0.6507936507936508 56
1638673538621 0.6666666666666666 57
1638673598855 0.6507936507936508 58
1638673659079 0.746031746031746 59
1638673719390 0.6666666666666666 60
1638673779630 0.5714285714285714 61
1638673839899 0.6666666666666666 62
1638673900076 0.6984126984126984 63
1638673960322 0.6984126984126984 64
1638674020550 0.7142857142857143 65
1638674080705 0.5873015873015873 66
1638674141373 0.6349206349206349 67
1638674201710 0.6666666666666666 68
1638674262057 0.6825396825396826 69
1638674322570 0.6507936507936508 70
1638674382799 0.6666666666666666 71
1638674443976 0.6825396825396826 72
1638674504230 0.6349206349206349 73
1638674564467 0.746031746031746 74
1638674624684 0.6825396825396826 75
1638674685009 0.6666666666666666 76
1638674745371 0.5714285714285714 77
1638674805623 0.7301587301587301 78
1638674865769 0.6984126984126984 79
1638674926016 0.5873015873015873 80
1638674986221 0.6507936507936508 81
1638675046613 0.6349206349206349 82
1638675106705 0.6666666666666666 83
1638675166945 0.6825396825396826 84
1638675227028 0.7301587301587301 85
1638675287214 0.7301587301587301 86
1638675347665 0.6825396825396826 87
1638675407896 0.7301587301587301 88
1638675468068 0.6825396825396826 89
1638675528359 0.6666666666666666 90
1638675588569 0.5873015873015873 91
1638675648761 0.7301587301587301 92
1638675708987 0.6984126984126984 93
1638675769233 0.6666666666666666 94
1638675829495 0.7301587301587301 95
1638675889609 0.6349206349206349 96
1638675950087 0.6190476190476191 97
1638676010505 0.6984126984126984 98
1638676070730 0.6507936507936508 99
1638676131028 0.6666666666666666 100
1638676191231 0.6666666666666666 101
1638676251495 0.7142857142857143 102
1638676311611 0.6190476190476191 103
1638676371826 0.6666666666666666 104
1638676432180 0.6825396825396826 105
1638676492575 0.6349206349206349 106
1638676553125 0.6825396825396826 107
1638676613535 0.6507936507936508 108
1638676673860 0.6190476190476191 109
1638676734192 0.6349206349206349 110
1638676794397 0.6825396825396826 111
1638676854680 0.7142857142857143 112
1638676914906 0.6984126984126984 113
1638676975197 0.6507936507936508 114
1638677035652 0.7301587301587301 115
1638677095920 0.7301587301587301 116
1638677156322 0.6190476190476191 117
1638677216571 0.746031746031746 118
1638677276863 0.7301587301587301 119
1638677337223 0.7777777777777778 120
1638677397504 0.6190476190476191 121
1638677457747 0.7142857142857143 122
1638677518061 0.6666666666666666 123
1638677578444 0.7301587301587301 124
1638677638743 0.7142857142857143 125
1638677699143 0.7301587301587301 126
1638677759793 0.6825396825396826 127
1638677820506 0.6666666666666666 128
1638677880852 0.746031746031746 129
1638677941138 0.6190476190476191 130
1638678002135 0.6825396825396826 131
1638678062815 0.7301587301587301 132
1638678123073 0.6666666666666666 133
1638678183452 0.6031746031746031 134
1638678243743 0.746031746031746 135
1638678304110 0.6984126984126984 136
1638678364556 0.6190476190476191 137
1638678424755 0.7142857142857143 138
1638678485003 0.6984126984126984 139
1638678545364 0.5873015873015873 140
1638678605612 0.5873015873015873 141
1638678665933 0.746031746031746 142
1638678726234 0.6984126984126984 143
1638678786521 0.6666666666666666 144
1638678846824 0.6825396825396826 145
1638678907325 0.7142857142857143 146
1638678968003 0.7301587301587301 147
1638679028330 0.6507936507936508 148
1638679088597 0.7142857142857143 149
1638679148866 0.6825396825396826 150
1638679209049 0.6825396825396826 151
1638679269394 0.6190476190476191 152
1638679329548 0.6666666666666666 153
1638679389841 0.7301587301587301 154
1638679450056 0.6984126984126984 155
1638679510383 0.6349206349206349 156
1638679570741 0.746031746031746 157
1638679631013 0.7301587301587301 158
1638679691332 0.6666666666666666 159
1638679751645 0.7142857142857143 160
1638679811896 0.6507936507936508 161
1638679872179 0.6031746031746031 162
1638679932399 0.6031746031746031 163
1638679992691 0.7301587301587301 164
1638680052981 0.7619047619047619 165
1638680113388 0.746031746031746 166
1638680173728 0.6984126984126984 167
1638680234036 0.6666666666666666 168
1638680294196 0.6984126984126984 169
1638680354536 0.6984126984126984 170
1638680414679 0.7301587301587301 171
1638680474781 0.6507936507936508 172
1638680535060 0.6190476190476191 173
1638680595141 0.7619047619047619 174
1638680655319 0.6825396825396826 175
1638680715609 0.6825396825396826 176
1638680775833 0.6825396825396826 177
1638680835987 0.7777777777777778 178
1638680896253 0.6984126984126984 179
1638680956466 0.7301587301587301 180
1638681016648 0.6825396825396826 181
1638681076835 0.6825396825396826 182
1638681136919 0.7301587301587301 183
1638681197121 0.7142857142857143 184
1638681257200 0.7142857142857143 185
1638681317699 0.6190476190476191 186
1638681378076 0.7142857142857143 187
1638681438516 0.7619047619047619 188
1638681498803 0.6666666666666666 189
1638681558929 0.7777777777777778 190
1638681620030 0.6666666666666666 191
1638681680261 0.7777777777777778 192
1638681740498 0.7301587301587301 193
1638681800629 0.6666666666666666 194
1638681860863 0.7301587301587301 195
1638681921095 0.6984126984126984 196
1638681981278 0.6666666666666666 197
1638682041848 0.7619047619047619 198
1638682102001 0.6507936507936508 199
