1638670117605 58.69160079956055 0
1638670176068 58.12611126899719 1
1638670234318 57.91417121887207 2
1638670292757 58.115633726119995 3
1638670351117 58.06177830696106 4
1638670409179 57.769068241119385 5
1638670467399 57.926140785217285 6
1638670525910 58.220354318618774 7
1638670584283 58.07651996612549 8
1638670642272 57.68578362464905 9
1638670700477 57.86182188987732 10
1638670760272 59.48996043205261 11
1638670821374 60.7775182723999 12
1638670881633 59.9542281627655 13
1638670941834 59.911832332611084 14
1638671002141 59.979650259017944 15
1638671062441 60.00808310508728 16
1638671122781 60.04498267173767 17
1638671183003 59.888893365859985 18
1638671243254 59.900368213653564 19
1638671303491 59.90784215927124 20
1638671363700 59.92080807685852 21
1638671423955 59.925793409347534 22
1638671484142 59.90835237503052 23
1638671544338 59.89638161659241 24
1638671604625 59.945250511169434 25
1638671664756 59.820698499679565 26
1638671725134 60.0205397605896 27
1638671785874 60.41149568557739 28
1638671846066 59.90385341644287 29
1638671906432 60.041484355926514 30
1638671966590 59.86894655227661 31
1638672026915 60.04647254943848 32
1638672087087 59.882909536361694 33
1638672147282 59.89188528060913 34
1638672207566 59.930288791656494 35
1638672267738 59.83505201339722 36
1638672328023 59.99461078643799 37
1638672388329 59.97118067741394 38
1638672448531 59.90086126327515 39
1638672508942 60.09884262084961 40
1638672569123 59.89538288116455 41
1638672629434 60.010077476501465 42
1638672689798 60.075900077819824 43
1638672750049 59.887404441833496 44
1638672810326 59.931296825408936 45
1638672870636 59.925793409347534 46
1638672930997 60.07439708709717 47
1638672991256 59.96967792510986 48
1638673052414 60.80843496322632 49
1638673116527 63.78547644615173 50
1638673176811 60.00010418891907 51
1638673237123 60.02304291725159 52
1638673297332 59.91382670402527 53
1638673357578 59.86746025085449 54
1638673417869 59.96169829368591 55
1638673478117 59.94274950027466 56
1638673538630 60.21652293205261 57
1638673598865 59.912598609924316 58
1638673659089 59.9023642539978 59
1638673719400 60.02304196357727 60
1638673779641 59.94274926185608 61
1638673839910 59.94474387168884 62
1638673900086 59.82756328582764 63
1638673960331 59.871938705444336 64
1638674020559 59.916339635849 65
1638674080714 59.86196517944336 66
1638674141384 60.34019207954407 67
1638674201719 60.039000511169434 68
1638674262066 59.98762893676758 69
1638674322579 60.15867877006531 70
1638674382809 59.89088749885559 71
1638674443987 60.888221979141235 72
1638674504239 59.9198100566864 73
1638674564478 59.93028974533081 74
1638674624694 59.90983700752258 75
1638674685018 60.018561124801636 76
1638674745380 60.062429666519165 77
1638674805633 59.947736978530884 78
1638674865778 59.845009565353394 79
1638674926026 59.92131280899048 80
1638674986231 59.94102501869202 81
1638675046622 60.11280560493469 82
1638675106715 59.83155655860901 83
1638675166955 59.92131471633911 84
1638675227037 59.82805562019348 85
1638675287224 59.89438557624817 86
1638675347675 60.12725496292114 87
1638675407908 59.92579388618469 88
1638675468078 59.86894726753235 89
1638675528368 60.008573055267334 90
1638675588578 59.91681885719299 91
1638675648771 59.899864196777344 92
1638675708996 59.94425344467163 93
1638675769242 59.96320366859436 94
1638675829505 59.954718351364136 95
1638675889619 59.83503723144531 96
1638675950097 60.14819955825806 97
1638676010518 60.061432123184204 98
1638676070740 59.94126057624817 99
1638676131038 60.00757598876953 100
1638676191241 59.92206645011902 101
1638676251506 59.96120738983154 102
1638676311621 59.837536096572876 103
1638676371836 59.897377490997314 104
1638676432189 60.0280282497406 105
1638676492585 60.05943751335144 106
1638676553134 60.240952253341675 107
1638676613545 60.07838582992554 108
1638676673870 59.98315906524658 109
1638676734202 60.02603244781494 110
1638676794407 59.882418155670166 111
1638676854690 59.99014353752136 112
1638676914917 59.92331099510193 113
1638676975207 59.92231059074402 114
1638677035661 60.12027430534363 115
1638677095930 59.96269631385803 116
1638677156332 60.09234976768494 117
1638677216581 59.94225859642029 118
1638677276873 59.969677209854126 119
1638677337233 60.07738900184631 120
1638677397514 59.98215198516846 121
1638677457757 59.94773602485657 122
1638677518071 59.97916126251221 123
1638677578454 60.089357137680054 124
1638677638753 59.99062180519104 125
1638677699153 60.07441210746765 126
1638677759803 60.34068489074707 127
1638677820517 60.35165524482727 128
1638677880862 60.03151202201843 129
1638677941148 59.973177433013916 130
1638678002145 60.6802864074707 131
1638678062825 60.29281210899353 132
1638678123083 59.97318887710571 133
1638678183462 60.07539463043213 134
1638678243754 59.99511790275574 135
1638678304120 60.02054166793823 136
1638678364565 60.11479449272156 137
1638678424763 59.916603326797485 138
1638678485012 59.90285515785217 139
1638678545374 60.03351950645447 140
1638678605621 59.92530393600464 141
1638678665942 59.98314881324768 142
1638678726245 59.95422434806824 143
1638678786530 59.975170850753784 144
1638678846833 60.00757670402527 145
1638678907336 60.21578359603882 146
1638678968013 60.2898211479187 147
1638679028340 60.03352403640747 148
1638679088608 59.96269607543945 149
1638679148876 59.94824242591858 150
1638679209059 59.89039635658264 151
1638679269405 60.01383423805237 152
1638679329558 59.84950542449951 153
1638679389850 60.00657939910889 154
1638679450066 59.90684533119202 155
1638679510393 60.016565561294556 156
1638679570751 60.00558137893677 157
1638679631023 59.93826937675476 158
1638679691342 60.00209879875183 159
1638679751655 59.95471668243408 160
1638679811907 59.957709550857544 161
1638679872189 59.98363947868347 162
1638679932410 59.92332220077515 163
1638679992701 59.93926644325256 164
1638680052991 59.946752071380615 165
1638680113398 60.11231184005737 166
1638680173738 60.03550148010254 167
1638680234045 60.00358748435974 168
1638680294206 59.87592792510986 169
1638680354546 60.03451681137085 170
1638680414688 59.8564875125885 171
1638680474791 59.79713821411133 172
1638680535070 59.97417330741882 173
1638680595150 59.78616762161255 174
1638680655329 59.82556986808777 175
1638680715619 59.9796507358551 176
1638680775843 59.93228578567505 177
1638680835997 59.86996006965637 178
1638680896262 59.98264217376709 179
1638680956476 59.912339210510254 180
1638681016659 59.877923250198364 181
1638681076845 59.898895263671875 182
1638681136929 59.798646450042725 183
1638681197131 59.91881322860718 184
1638681257209 59.78718090057373 185
1638681317709 60.20305347442627 186
1638681378085 60.04176473617554 187
1638681438526 60.14471793174744 188
1638681498811 59.99711012840271 189
1638681558939 59.84501099586487 190
1638681620040 60.79298400878906 191
1638681680271 59.931289196014404 192
1638681740508 59.90784311294556 193
1638681800639 59.82656812667847 194
1638681860873 59.93527555465698 195
1638681921104 59.95123600959778 196
1638681981289 59.891395568847656 197
1638682041859 60.26240611076355 198
1638682102011 59.86894679069519 199
