1638670117603 0.0005361930294906167 0
1638670176065 0.00036616623947272064 1
1638670234316 0.00027800945232137893 2
1638670292754 0.0002240645305848084 3
1638670351113 0.00018765246762994934 4
1638670409176 0.00016142050040355123 5
1638670467396 0.000141622999575131 6
1638670525908 0.00012615112905260502 7
1638670584279 0.00011372682815876267 8
1638670642269 0.00010353038616834041 9
1638670700474 9.501187648456056e-05 10
1638670760267 8.778860503906592e-05 11
1638670821372 8.158603247124092e-05 12
1638670881631 7.620208793720948e-05 13
1638670941831 7.148473800843519e-05 14
1638671002131 6.731740154830025e-05 15
1638671062438 6.360918516633803e-05 16
1638671122778 6.028817748839453e-05 17
1638671183000 5.72967398155045e-05 18
1638671243251 5.458813253998581e-05 19
1638671303488 5.212405525149857e-05 20
1638671363697 4.9872824298039995e-05 21
1638671423953 4.78080030597122e-05 22
1638671484139 4.590735894963963e-05 23
1638671544335 4.4152059693584704e-05 24
1638671604622 4.25260472039124e-05 25
1638671664753 4.101554489151389e-05 26
1638671725132 3.960866637620311e-05 27
1638671785871 3.8295102056446985e-05 28
1638671846063 3.7065866043960116e-05 29
1638671906429 3.591309032142216e-05 30
1638671966585 3.4829856152694084e-05 31
1638672026912 3.381005511038983e-05 32
1638672087084 3.284827382321059e-05 33
1638672147280 3.1939697850458335e-05 34
1638672207563 3.108003108003109e-05 35
1638672267734 3.0265427801821975e-05 36
1638672328020 2.9492435190373665e-05 37
1638672388325 2.8757944382135565e-05 38
1638672448528 2.8059148685428885e-05 39
1638672508939 2.7393507738665934e-05 40
1638672569120 2.6758716651949373e-05 41
1638672629431 2.615267934199859e-05 42
1638672689795 2.5573485410326572e-05 43
1638672750046 2.5019390027271136e-05 44
1638672810323 2.4488796375658137e-05 45
1638672870632 2.3980240282007626e-05 46
1638672930995 2.3492376723753143e-05 47
1638672991253 2.3023967950636615e-05 48
1638673052408 2.2573872999390506e-05 49
1638673116524 2.214103841470165e-05 50
1638673176808 2.1724490017596836e-05 51
1638673237120 2.1323325585858373e-05 52
1638673297329 2.0936708330716246e-05 53
1638673357575 2.0563861070554607e-05 54
1638673417866 2.0204061016264268e-05 55
1638673478114 1.9856635094616865e-05 56
1638673538627 1.9520955745993323e-05 57
1638673598862 1.919643714126658e-05 58
1638673659085 1.8882531769859703e-05 59
1638673719397 1.8578727357176033e-05 60
1638673779638 1.8284544074893492e-05 61
1638673839906 1.7999532012167683e-05 62
1638673900083 1.7723268879712176e-05 63
1638673960328 1.7455357922114193e-05 64
1638674020556 1.7195426016679565e-05 65
1638674080711 1.69431219396486e-05 66
1638674141380 1.669811478284102e-05 67
1638674201717 1.6460092505719883e-05 68
1638674262064 1.6228760609552248e-05 69
1638674322576 1.6003840921821237e-05 70
1638674382806 1.5785070480339693e-05 71
1638674443983 1.5572200507653737e-05 72
1638674504236 1.5364995467326338e-05 73
1638674564475 1.5163232194574596e-05 74
1638674624691 1.4966699094514705e-05 75
1638674685015 1.4775195401959192e-05 76
1638674745377 1.4588530497323004e-05 77
1638674805630 1.440652327373835e-05 78
1638674865775 1.4229001550961171e-05 79
1638674926023 1.4055801532082368e-05 80
1638674986228 1.3886767299440365e-05 81
1638675046619 1.3721750346474198e-05 82
1638675106712 1.3560609142562685e-05 83
1638675166952 1.3403208728169524e-05 84
1638675227034 1.3249420337860216e-05 85
1638675287221 1.3099121048977612e-05 86
1638675347672 1.2952193453961427e-05 87
1638675407904 1.2808525354475937e-05 88
1638675468075 1.2668009475671087e-05 89
1638675528366 1.2530543199047678e-05 90
1638675588575 1.2396028312528665e-05 91
1638675648768 1.2264370776457314e-05 92
1638675708993 1.2135480504350569e-05 93
1638675769239 1.200927115733346e-05 94
1638675829502 1.1885659951268793e-05 95
1638675889616 1.1764567475676756e-05 96
1638675950094 1.1645917523612096e-05 97
1638676010513 1.152963693173302e-05 98
1638676070737 1.1415655429856505e-05 99
1638676131035 1.1303905499350025e-05 100
1638676191238 1.1194322239759993e-05 101
1638676251503 1.1086843243123385e-05 102
1638676311617 1.098140847545106e-05 103
1638676371833 1.0877960164909877e-05 104
1638676432186 1.0776442696265962e-05 105
1638676492582 1.067680251118395e-05 106
1638676553131 1.057898801400658e-05 107
1638676613542 1.0482949482666443e-05 108
1638676673867 1.0388638984406653e-05 109
1638676734198 1.0296010296010295e-05 110
1638676794404 1.0205018828259738e-05 111
1638676854687 1.0115621554366409e-05 112
1638676914913 1.0027776942129699e-05 113
1638676975204 9.941444889600256e-06 114
1638677035658 9.856586664038243e-06 115
1638677095927 9.773164843971423e-06 116
1638677156329 9.691143264170874e-06 117
1638677216578 9.610486963374434e-06 118
1638677276870 9.531162134599072e-06 119
1638677337230 9.453136077893842e-06 120
1638677397511 9.376377155394699e-06 121
1638677457754 9.300854748551391e-06 122
1638677518068 9.226539217404944e-06 123
1638677578451 9.15340186180194e-06 124
1638677638750 9.081414884438995e-06 125
1638677699150 9.010551355637451e-06 126
1638677759800 8.940785179754486e-06 127
1638677820514 8.872091063142672e-06 128
1638677880859 8.804444483575308e-06 129
1638677941145 8.737821661059898e-06 130
1638678002142 8.672199529966784e-06 131
1638678062822 8.607555712404349e-06 132
1638678123080 8.543868492776158e-06 133
1638678183459 8.481116793459363e-06 134
1638678243749 8.419280151547042e-06 135
1638678304117 8.358338696600663e-06 136
1638678364562 8.29827312936178e-06 137
1638678424762 8.2390647013751e-06 138
1638678485009 8.180695195477712e-06 139
1638678545371 8.123146907111816e-06 140
1638678605618 8.066402626420695e-06 141
1638678665939 8.010445621089902e-06 142
1638678726242 7.955259619897696e-06 143
1638678786527 7.900828796940798e-06 144
1638678846830 7.847137756503315e-06 145
1638678907332 7.794171518538439e-06 146
1638678968010 7.741915504734181e-06 147
1638679028337 7.690355525135926e-06 148
1638679088604 7.639477765299964e-06 149
1638679148873 7.589268773953628e-06 150
1638679209056 7.539715451138875e-06 151
1638679269402 7.490805036817306e-06 152
1638679329555 7.442525099915899e-06 153
1638679389847 7.394863527793594e-06 154
1638679450063 7.34780851611007e-06 155
1638679510390 7.301348559078862e-06 156
1638679570748 7.255472440087937e-06 157
1638679631020 7.210169222671655e-06 158
1638679691339 7.165428241818873e-06 159
1638679751652 7.121239095602634e-06 160
1638679811903 7.077591637117722e-06 161
1638679872185 7.034475966712859e-06 162
1638679932407 6.99188242450515e-06 163
1638679992698 6.949801583164801e-06 164
1638680052988 6.908224240958862e-06 165
1638680113395 6.8671414150431596e-06 166
1638680173735 6.826544334992184e-06 167
1638680234042 6.7864244365571114e-06 168
1638680294203 6.746773355642664e-06 169
1638680354543 6.707582922493879e-06 170
1638680414685 6.668845156084322e-06 171
1638680474788 6.630552258697626e-06 172
1638680535067 6.5926966106946735e-06 173
1638680595147 6.555270765458968e-06 174
1638680655326 6.518267444513249e-06 175
1638680715616 6.4816795328005385e-06 176
1638680775840 6.4455000741232505e-06 177
1638680835994 6.409722266734183e-06 178
1638680896259 6.374339459073554e-06 179
1638680956473 6.339345145646455e-06 180
1638681016656 6.304732963035351e-06 181
1638681076842 6.270496686042501e-06 182
1638681136926 6.236630223957392e-06 183
1638681197128 6.203127616944464e-06 184
1638681257206 6.16998303254666e-06 185
1638681317706 6.137190762300465e-06 186
1638681378082 6.104745218458307e-06 187
1638681438523 6.072640930814402e-06 188
1638681498808 6.040872543630202e-06 189
1638681558936 6.0094348126558696e-06 190
1638681620037 5.978322602244262e-06 191
1638681680267 5.947530882554107e-06 192
1638681740505 5.917054726839168e-06 193
1638681800636 5.886889308820326e-06 194
1638681860870 5.85702990013764e-06 195
1638681921101 5.827471867879558e-06 196
1638681981285 5.798210672186564e-06 197
1638682041854 5.769241863926661e-06 198
1638682102008 5.740561082440197e-06 199
