1638670117600 2.2987451690161027 0
1638670176063 2.036624505525425 1
1638670234313 2.0139412396802427 2
1638670292752 1.7257707029032425 3
1638670351110 1.757808480647169 4
1638670409173 1.7797535637194424 5
1638670467392 1.6425353916462628 6
1638670525905 1.6412391579074912 7
1638670584276 1.7027137056362427 8
1638670642267 1.587031982423851 9
1638670700472 1.5815093795366695 10
1638670760264 1.4329248930530893 11
1638670821369 1.4404709982984265 12
1638670881628 1.3842070822170673 13
1638670941829 1.414529748346161 14
1638671002129 1.5099180603544744 15
1638671062435 1.2709757892732765 16
1638671122776 1.5646622663994283 17
1638671182998 1.5648023912156492 18
1638671243249 1.470311220336356 19
1638671303478 1.4086080057385642 20
1638671363694 1.3760014982725473 21
1638671423950 1.4311124917307856 22
1638671484136 1.4756542949380567 23
1638671544333 1.3726956686086238 24
1638671604620 1.4093609277603527 25
1638671664750 1.2633800244072513 26
1638671725129 1.3414148047616292 27
1638671785868 1.3010220687530238 28
1638671846060 1.3837828210830538 29
1638671906427 1.1432870470277146 30
1638671966582 1.2544001178922597 31
1638672026909 1.1886253830369433 32
1638672087081 1.352723773874812 33
1638672147277 1.316476736526635 34
1638672207560 1.4378243381078293 35
1638672267731 1.1433141351801401 36
1638672328018 1.1245807665382734 37
1638672388323 1.4760630370398682 38
1638672448525 1.2405002501535627 39
1638672508936 1.2560397102503618 40
1638672569117 1.250285535996073 41
1638672629428 1.2649536794315288 42
1638672689792 1.0025573676737691 43
1638672750043 1.3990754605706521 44
1638672810321 1.090356936090157 45
1638672870629 1.2764003907111214 46
1638672930992 1.2935058837041788 47
1638672991250 1.3264310214819353 48
1638673052403 1.2193894810055736 49
1638673116521 1.3109713539336376 50
1638673176805 1.2281366289042965 51
1638673237117 1.3156203409655016 52
1638673297326 1.3476557879866302 53
1638673357572 1.0680119971178936 54
1638673417863 1.276062226894769 55
1638673478111 1.2617807900177527 56
1638673538624 1.117726739331372 57
1638673598859 1.2966714409889066 58
1638673659082 1.006138503450667 59
1638673719393 1.1097143648067156 60
1638673779634 1.3187767162616353 61
1638673839903 1.2637180617879273 62
1638673900080 1.0849943080042799 63
1638673960325 1.029220209830422 64
1638674020554 1.1123642035025532 65
1638674080708 1.2438159682859882 66
1638674141376 1.1269337722460424 67
1638674201714 1.177924606196141 68
1638674262061 1.0576296722358325 69
1638674322573 1.2176343756267716 70
1638674382803 1.1624417187970246 71
1638674443980 1.1320003062076303 72
1638674504233 1.2299254145398018 73
1638674564471 1.0192962093575406 74
1638674624688 1.0408766650943437 75
1638674685012 1.1793611906192238 76
1638674745374 1.1795073643665754 77
1638674805627 1.0169033740611813 78
1638674865772 1.0949015490977956 79
1638674926020 1.2153247489545342 80
1638674986225 1.17866191669535 81
1638675046616 1.1706737434706112 82
1638675106709 1.1351842012882447 83
1638675166949 1.042295773281585 84
1638675227031 0.9242327174780576 85
1638675287217 1.0408957860974202 86
1638675347669 1.0457449823633433 87
1638675407900 1.0967667479281307 88
1638675468072 1.0225532276332097 89
1638675528363 1.1046512909202773 90
1638675588573 1.2079845192402807 91
1638675648765 1.043784201927285 92
1638675708990 1.0540340979612024 93
1638675769236 1.0977104103675004 94
1638675829499 1.0101519803475476 95
1638675889613 1.338339663506123 96
1638675950091 1.2492927975576462 97
1638676010509 1.1404964241955522 98
1638676070734 1.156994558851542 99
1638676131031 1.0891282999548004 100
1638676191235 1.1090262733025174 101
1638676251498 1.088484513475706 102
1638676311614 1.202982472334875 103
1638676371830 1.0748181781374144 104
1638676432183 1.1257328647936609 105
1638676492578 1.2606613062417196 106
1638676553128 1.1477301875675832 107
1638676613539 1.0589273552859177 108
1638676673864 1.16363180598815 109
1638676734195 1.0497968088048961 110
1638676794401 1.0576327450120164 111
1638676854683 1.1208194133783613 112
1638676914910 1.0683422959008932 113
1638676975200 1.0768725075363235 114
1638677035655 1.0666554501328471 115
1638677095924 1.0703084928344726 116
1638677156326 1.093536667486143 117
1638677216574 0.9847492913321104 118
1638677276867 1.016501670083717 119
1638677337227 0.8770967775708843 120
1638677397507 1.2062250089957272 121
1638677457751 0.9806540042199322 122
1638677518065 1.0321165738977787 123
1638677578448 1.002370771847837 124
1638677638746 0.9629471904427728 125
1638677699147 0.8898209165898121 126
1638677759797 0.9236651925485061 127
1638677820510 1.0088514582307606 128
1638677880856 0.9432888245712814 129
1638677941141 0.975571315700285 130
1638678002139 1.0314169260286825 131
1638678062819 1.0201589587836093 132
1638678123077 1.0705128112797393 133
1638678183456 1.184551214946936 134
1638678243746 1.0484469104901792 135
1638678304114 1.0652391114189297 136
1638678364559 1.2071848344884026 137
1638678424758 0.906100140897799 138
1638678485006 0.9413840357840143 139
1638678545368 1.0729347899064319 140
1638678605615 1.2448822810687887 141
1638678665936 1.046868731189142 142
1638678726238 0.9448113927835475 143
1638678786524 1.1336864723884807 144
1638678846827 1.0510053164771318 145
1638678907329 0.9916048232824808 146
1638678968007 1.0776543295713021 147
1638679028334 1.2698674314759717 148
1638679088601 0.9867105538167598 149
1638679148870 1.0264200329724955 150
1638679209053 0.9463469578051015 151
1638679269398 1.1342978428917578 152
1638679329552 0.9447700794569791 153
1638679389844 0.9870517350484989 154
1638679450060 1.1169493758372793 155
1638679510387 1.1866229715279994 156
1638679570745 0.9401673460108215 157
1638679631017 0.9685566542058904 158
1638679691336 0.9121329493175192 159
1638679751649 0.9577792215313291 160
1638679811900 1.0748724125355327 161
1638679872182 1.0885141801827123 162
1638679932403 1.1184690673305069 163
1638679992695 0.9700227150757251 164
1638680052985 0.9220940040252544 165
1638680113392 1.0577437272102759 166
1638680173732 0.9892332387876517 167
1638680234039 0.9934605821749951 168
1638680294200 0.9859780954733132 169
1638680354540 1.1229025261186683 170
1638680414682 0.894489324617928 171
1638680474784 1.0256613864484978 172
1638680535064 1.2611673199770426 173
1638680595144 0.9391255717567754 174
1638680655323 1.097917108784439 175
1638680715613 0.9933659552182484 176
1638680775837 0.9914778099412772 177
1638680835991 0.8707605297308677 178
1638680896256 0.970872610321046 179
1638680956470 1.071282725188506 180
1638681016652 1.0641460009891563 181
1638681076839 0.9967952919127611 182
1638681136923 0.9865048059369419 183
1638681197125 1.00607107378402 184
1638681257203 0.9547125113903437 185
1638681317703 1.1697567063939056 186
1638681378079 0.9724996264023484 187
1638681438520 0.854769681408497 188
1638681498805 1.0983029818682244 189
1638681558933 0.905271842503955 190
1638681620034 1.1506306447248424 191
1638681680264 0.9923857071601773 192
1638681740501 0.9674609623068819 193
1638681800632 0.8561519721867863 194
1638681860866 0.8550506543122591 195
1638681921098 1.1133164445814232 196
1638681981282 1.033716531724921 197
1638682041851 0.9559669539651982 198
1638682102005 0.9693344270698242 199
