1638801042332 0.7076880943568455 1
1638801371705 0.785451822680545 2
1638801702670 0.7970090201135316 3
1638802031850 0.8063199235524745 4
1638802366295 0.8127435670422681 5
1638802698690 0.8165200214165483 6
1638803032004 0.8215585959440022 7
1638803364517 0.8254242028804184 8
1638803697699 0.8274339222494578 9
1638804035871 0.8296522468500743 10
1638804379814 0.8345113508963171 11
1638804721818 0.8357227764377704 12
1638804951720 0.8394788364454501 13
1638805178848 0.8391764170861657 14
1638805407971 0.8415934411776548 15
1638805635176 0.8437430076516432 16
