1638801042326 0.9912374485529516 1
1638801371699 0.6969058396731059 2
1638801702665 0.6525907932711179 3
1638802031844 0.6246893489734854 4
1638802366288 0.6057106884193741 5
1638802698684 0.5942176042385305 6
1638803032000 0.5789340368474581 7
1638803364512 0.5662758473261714 8
1638803697693 0.5584424829317988 9
1638804035864 0.5490202584204954 10
1638804379807 0.5325485772273993 11
1638804721813 0.5351638367619177 12
1638804951716 0.5153280083026572 13
1638805178844 0.5251326744457142 14
1638805407967 0.5164819941217405 15
1638805635172 0.5097467820700011 16
