1638618437031 0.3974885791367878 1
1638618459131 0.5124498881356565 2
1638618480342 0.5620489930830939 3
1638618499306 0.5967549645831819 4
1638618517730 0.623091669785494 5
1638618537228 0.6445045916331297 6
1638618556261 0.6619126421867767 7
1638618574600 0.6741381922209194 8
1638618594380 0.6914780673264079 9
1638618614165 0.7023546755658409 10
1638618632480 0.7139887888996588 11
1638618652926 0.720495175281701 12
1638618672001 0.7277316800431709 13
1638618691676 0.7382674109729039 14
1638618711916 0.7426015056626645 15
1638618731101 0.7482192802291385 16
1638618750026 0.7523255407465675 17
1638618769010 0.7615152433428461 18
1638618787979 0.765142527481035 19
1638618807111 0.7678567266188605 20
1638618825681 0.7695378053395046 21
1638618844222 0.7752400708336361 22
1638618863587 0.7823810134319901 23
1638618882056 0.7818501771529975 24
1638618900537 0.7866947137551501 25
1638618918806 0.7887720258938784 26
1638618937239 0.7920234709805836 27
1638618955534 0.7937826309589981 28
1638618973989 0.7983130943568456 29
1638618993455 0.7956624091016075 30
1638619012674 0.8016933153130416 31
1638619031486 0.8021513145783044 32
1638619050139 0.8052279507493697 33
1638619068900 0.8046738066425213 34
1638619087824 0.805390523003705 35
1638619107016 0.8078844629960253 36
1638619126300 0.809183875604861 37
1638619145718 0.8113235362692376 38
1638619164663 0.814773680777908 39
1638619183754 0.8145703197903715 40
1638619203128 0.8174797221415304 41
1638619222393 0.8172990863033802 42
1638619241583 0.8159792793279438 43
1638619260571 0.8195354745567189 44
1638619279534 0.824198209963782 45
1638619298469 0.8208710143331848 46
1638619317071 0.8255203477220039 47
1638619335611 0.8254073046535426 48
1638619353937 0.8247039903106028 49
1638619372346 0.8226797034974732 50
1638619390820 0.8258454922306744 51
1638619409287 0.8261490770158051 52
1638619427791 0.8256648563925242 53
1638619446188 0.8296365140490449 54
1638619464601 0.830049645694005 55
1638619483091 0.826727111697886 56
1638619501654 0.8296318524834737 57
1638619520253 0.8309720538944179 58
1638619538646 0.8312634020182439 59
1638619558233 0.8320762632899201 60
1638619576733 0.8343138169001981 61
1638619595153 0.8303532304791357 62
1638619613661 0.8321823140100247 63
1638619632044 0.834743846703127 64
1638619650501 0.8327941450769502 65
1638619668948 0.8397340574016461 66
1638619687448 0.8350579199763392 67
1638619705924 0.8371521303419432 68
1638619724304 0.8361720352503605 69
1638619742740 0.8349845002841398 70
1638619761236 0.8360648191044097 71
1638619779704 0.8369365326931022 72
1638619798164 0.8367727950818277 73
1638619816635 0.8396006199665841 74
1638619835093 0.8390138448318305 75
1638619853581 0.8392871293718415 76
1638619872103 0.8429674389045363 77
1638619890627 0.8387201659252189 78
1638619909153 0.8425991748798789 79
1638619927528 0.8432407234445473 80
1638619945851 0.8413755127460282 81
1638619964210 0.8443076403154803 82
1638619982593 0.8412636351034132 83
1638620000945 0.8430769858332727 84
1638620019305 0.8424931241597743 85
1638620037735 0.8436334607229068 86
1638620056191 0.8420100689623398 87
1638620074463 0.8452976412166749 88
1638620092899 0.8466005500341427 89
1638620111403 0.8444521489860005 90
1638620129914 0.8424808875673768 91
1638620148405 0.842948209963782 92
1638620166775 0.8470859360143629 93
1638620185173 0.844683479366964 94
1638620203563 0.8459141338491716 95
1638620221982 0.8456769764767906 96
1638620240412 0.8450762166453235 97
1638620258703 0.8476447417556895 98
1638620277055 0.8458541161752161 99
1638620295426 0.8454001957970547 100
1638620313834 0.8463960236896669 101
1638620332261 0.8460539809541207 102
1638620350597 0.8472654064955739 103
1638620368948 0.8476086145880595 104
1638620387345 0.8487984803370657 105
1638620405847 0.850283190349623 106
1638620424866 0.8484045776328599 107
1638620443268 0.8482070436367409 108
1638620461611 0.8523931335162566 109
1638620479951 0.8492197696873218 110
1638620498368 0.851583768384305 111
1638620516788 0.8512755221025103 112
1638620535150 0.8548025825120121 113
1638620553502 0.8486429004310873 114
1638620571864 0.8514946158910762 115
1638620590211 0.8507878053395045 116
1638620608600 0.8509900009011947 117
1638620626940 0.852991562564938 118
1638620645358 0.8506625256097385 119
1638620663915 0.851830831635205 120
1638620682646 0.8532817452629178 121
1638620701353 0.849830435397308 122
1638620719989 0.8492931894484282 123
1638620738667 0.8526448582638206 124
1638620757377 0.8523243753207213 125
1638620776098 0.8515849338101514 126
1638620794780 0.8543836238756345 127
1638620813180 0.8532648471049491 128
1638620831563 0.851332043636741 129
1638620849960 0.8529204735866172 130
1638620868376 0.8502447323992073 131
1638620886744 0.8562610712354582 132
1638620905090 0.8536237879984641 133
1638620923440 0.8523459351131681 134
1638620941804 0.8529204735866172 135
1638620960230 0.8521821974329866 136
1638620978538 0.8543282677672502 137
1638620996899 0.8537706274517699 138
1638621015292 0.8540427465659346 139
1638621033764 0.8553013705104762 140
1638621052203 0.8524327568236114 141
1638621070502 0.8509142504262097 142
1638621088859 0.8542222170471456 143
1638621107286 0.8570389706964437 144
1638621125673 0.8544028528852959 145
1638621144106 0.856148028166997 146
1638621162440 0.8550024472909167 147
1638621180788 0.8547314935336913 148
1638621199188 0.8583325563827691 149
1638621217632 0.8560297407855877 150
1638621236099 0.8562768040364878 151
1638621254413 0.8575482472518965 152
1638621272746 0.8561200587046629 153
1638621291060 0.8594979488780733 154
1638621309442 0.855560087606397 155
1638621328007 0.8542187208385137 156
1638621346327 0.8553083628588329 157
1638621364680 0.8613223708433912 158
1638621383059 0.8558106469970218 159
1638621401469 0.8587573419416571 160
1638621419873 0.8547448955519351 161
1638621438214 0.856220282502257 162
1638621456584 0.8572207719604404 163
1638621474953 0.859496783521134 164
1638621493373 0.8584164646319571 165
1638621511742 0.856335656353504 166
1638621530065 0.8596401267658079 167
1638621548418 0.8567546149209745 168
1638621566786 0.8592823512981392 169
1638621585203 0.8577446158910762 170
1638621603584 0.8587538458019323 171
1638621622094 0.8575843744195265 172
1638621640490 0.8620437488390531 173
1638621658862 0.8587200494170878 174
1638621677291 0.8572930262957005 175
1638621695671 0.8620245198293918 176
1638621713991 0.8602169960909496 177
1638621732338 0.8587573419416571 178
1638621750732 0.8592934225335975 179
1638621769166 0.8573233264719131 180
1638621787506 0.8570750978640739 181
1638621805843 0.8595183432446739 182
1638621824189 0.8578891245615965 183
1638621842604 0.8578710609777814 184
1638621861032 0.8597665718525132 185
1638621879365 0.8593546056333994 186
1638621897811 0.8609779973939664 187
1638621916262 0.8589199141959923 188
1638621934685 0.8590824864503276 189
1638621953088 0.8605986621338508 190
1638621971410 0.8549063024493311 191
1638621989729 0.863451542950779 192
1638622008119 0.8601255127460281 193
1638622026563 0.8600340294700137 194
1638622045026 0.8607961961299698 195
1638622063346 0.8601820342802587 196
1638622081732 0.8593004148819543 197
1638622100157 0.8609756666111809 198
1638622118612 0.8637044331241894 199
1638622137040 0.8603626701184091 200
