1638618437028 2.168890221971687 1
1638618459128 1.6831116560906965 2
1638618480339 1.4756265029084674 3
1638618499303 1.3366380077186897 4
1638618517726 1.2386094702682668 5
1638618537225 1.1567594193385764 6
1638618556258 1.0967989581405242 7
1638618574597 1.042199852674419 8
1638618594377 0.9895567933627151 9
1638618614162 0.9464264792174923 10
1638618632477 0.9079991333384718 11
1638618652923 0.8859896524039272 12
1638618671998 0.8516839928432839 13
1638618691673 0.8206346895865078 14
1638618711913 0.8084697410180683 15
1638618731097 0.7825989611864991 16
1638618750023 0.770225167888545 17
1638618769007 0.7379416703169489 18
1638618787976 0.7251710191263749 19
1638618807107 0.7227086362655688 20
1638618825675 0.7103900217711748 21
1638618844219 0.6963716636309147 22
1638618863584 0.6745489930122762 23
1638618882052 0.6702534557390759 24
1638618900534 0.6576966884846065 25
1638618918803 0.6480791221149426 26
1638618937236 0.6430636039192091 27
1638618955531 0.6344963910463245 28
1638618973986 0.6236693538297278 29
1638618993452 0.6262054061801093 30
1638619012671 0.6107903917745428 31
1638619031483 0.6097509390097747 32
1638619050135 0.5969141264641966 33
1638619068897 0.5983932665461266 34
1638619087820 0.5981826800831804 35
1638619107013 0.5845553292066286 36
1638619126297 0.5857104080324974 37
1638619145715 0.576034403921697 38
1638619164659 0.5658037551860396 39
1638619183751 0.5697943898060644 40
1638619203125 0.5589523280158372 41
1638619222390 0.5613731424635744 42
1638619241580 0.5607407404855573 43
1638619260568 0.5512867409327952 44
1638619279530 0.5480827838912331 45
1638619298466 0.5470047765918196 46
1638619317068 0.5364731114566372 47
1638619335608 0.5442514566296833 48
1638619353934 0.5388405831882468 49
1638619372342 0.5419048408495235 50
1638619390817 0.5308180844069307 51
1638619409283 0.531566168301096 52
1638619427788 0.5333136941730672 53
1638619446184 0.524502911730061 54
1638619464598 0.5202879038773981 55
1638619483087 0.529873983959603 56
1638619501651 0.5187725862307532 57
1638619520250 0.5117934811906446 58
1638619538642 0.5153302436481295 59
1638619558229 0.5132973532372506 60
1638619576730 0.5083361912493759 61
1638619595149 0.5175914712035982 62
1638619613657 0.5122486106516889 63
1638619632040 0.5038079450861616 64
1638619650497 0.5100957117790941 65
1638619668944 0.4926397195618986 66
1638619687444 0.5038999581402906 67
1638619705921 0.49670144418776624 68
1638619724301 0.5011188989476185 69
1638619742737 0.5017308061550416 70
1638619761232 0.5026526914798283 71
1638619779701 0.4963198152899662 72
1638619798161 0.494843017538497 73
1638619816632 0.48868356522589546 74
1638619835090 0.49162976799524116 75
1638619853577 0.49155027643854743 76
1638619872099 0.48288079375089693 77
1638619890623 0.49190355620185217 78
1638619909149 0.4822487180029217 79
1638619927525 0.4809354818708447 80
1638619945847 0.4843907303096678 81
1638619964206 0.47305170833942745 82
1638619982590 0.4844673721018999 83
1638620000942 0.48069096859965676 84
1638620019302 0.4804994563346058 85
1638620037731 0.47489308977699346 86
1638620056187 0.47966045304756616 87
1638620074459 0.47588980785905394 88
1638620092896 0.4715997386287242 89
1638620111401 0.47937545056025443 90
1638620129910 0.47775865651625776 91
1638620148401 0.48143176255823056 92
1638620166771 0.4651541844941423 93
1638620185169 0.47232849821861744 94
1638620203560 0.47363874426586505 95
1638620221979 0.4713835505486905 96
1638620240409 0.4728812990817837 97
1638620258700 0.4667361647632372 98
1638620277052 0.4688296883957354 99
1638620295422 0.4698081332840412 100
1638620313831 0.46520988669752167 101
1638620332257 0.4691234464761908 102
1638620350593 0.47160906132542185 103
1638620368945 0.4627411214986486 104
1638620387342 0.4668136355498871 105
1638620405843 0.4617018126190858 106
1638620424863 0.46813779441276154 107
1638620443263 0.4620833798955061 108
1638620461607 0.4530456359344601 109
1638620479947 0.4633106486137412 110
1638620498364 0.45765410829694 111
1638620516784 0.45261815935602234 112
1638620535146 0.447719389304387 113
1638620553499 0.4583778409096615 114
1638620571862 0.45781958944509615 115
1638620590208 0.4600393093066236 116
1638620608596 0.45566631296958393 117
1638620626936 0.44921785594217883 118
1638620645355 0.46056697694380544 119
1638620663911 0.45219953789880696 120
1638620682642 0.4506882497424739 121
1638620701349 0.45973172356965286 122
1638620719986 0.4600612863079248 123
1638620738663 0.4536629868503472 124
1638620757374 0.45345630825954547 125
1638620776095 0.44940177525990416 126
1638620794776 0.4499404865732672 127
1638620813176 0.44808802089427524 128
1638620831559 0.45353399924844356 129
1638620849957 0.4504372051323803 130
1638620868372 0.45147977178655724 131
1638620886741 0.4411526647886514 132
1638620905086 0.4483491384377827 133
1638620923437 0.44924503664216964 134
1638620941801 0.4483712535978176 135
1638620960226 0.45588832926766987 136
1638620978535 0.4463694032567059 137
1638620996896 0.44379976751615735 138
1638621015288 0.4458359530010127 139
1638621033761 0.43985397603968723 140
1638621052200 0.45378119648359366 141
1638621070499 0.45504817864804675 142
1638621088856 0.44305976091267296 143
1638621107282 0.4392778421531221 144
1638621125669 0.4488261728945026 145
1638621144102 0.4392002476033693 146
1638621162437 0.44141061620936833 147
1638621180785 0.44792935208989276 148
1638621199184 0.436360749099373 149
1638621217629 0.43666594332426745 150
1638621236096 0.43469282364361345 151
1638621254410 0.4357630307185479 152
1638621272742 0.43920976979011317 153
1638621291056 0.4353818982860592 154
1638621309439 0.44131914306680664 155
1638621328004 0.4470060521262621 156
1638621346323 0.4461063390231515 157
1638621364676 0.4243213933344413 158
1638621383056 0.4376230049657307 159
1638621401465 0.435597863091879 160
1638621419870 0.4380939619636446 161
1638621438210 0.43465244090587046 162
1638621456580 0.43617381620756585 163
1638621474950 0.4267791870981522 164
1638621493370 0.4358471225427539 165
1638621511739 0.44290329577421783 166
1638621530062 0.4271252101793685 167
1638621548415 0.44077843814629875 168
1638621566783 0.4267522303244206 169
1638621585199 0.43930665314200773 170
1638621603580 0.4352997876548202 171
1638621622090 0.4360608856366277 172
1638621640486 0.42706638418928106 173
1638621658858 0.4328175326984183 174
1638621677288 0.43964758152571914 175
1638621695667 0.4267899113868623 176
1638621713987 0.43503758708962753 177
1638621732334 0.42951386588889334 178
1638621750728 0.4316739187204489 179
1638621769163 0.43798535942119904 180
1638621787503 0.43383066477353177 181
1638621805840 0.42741396857698366 182
1638621824186 0.4301058394628329 183
1638621842601 0.4365998694316757 184
1638621861029 0.4301042494073696 185
1638621879362 0.4297830686111872 186
1638621897808 0.4293198311516556 187
1638621916259 0.4311327972003505 188
1638621934681 0.4325125001188167 189
1638621953084 0.4249966461464949 190
1638621971406 0.43915119867756447 191
1638621989725 0.42062252608893813 192
1638622008116 0.4286415645667555 193
1638622026559 0.4308117165051094 194
1638622045022 0.42919549538648066 195
1638622063342 0.4311406959938279 196
1638622081728 0.4333194395037435 197
1638622100154 0.42498568524532543 198
1638622118609 0.4183265442255854 199
1638622137037 0.42737816627390984 200
