1638622156279 0.14350060600076797 1
1638622174757 0.16644135744585467 2
1638622193191 0.16857519111881367 3
1638622211712 0.16929540368862925 4
1638622230187 0.17341390079845584 5
1638622248631 0.1752441497207377 6
1638622267072 0.17659891850686488 7
1638622285552 0.17439283049864576 8
1638622304012 0.17531523866460502 9
1638622322429 0.17189889054077898 10
1638622340822 0.1731621760164382 11
1638622359188 0.17605351481823564 12
1638622377602 0.17409915159203412 13
1638622396054 0.17328745571175064 14
1638622414409 0.17255034494951282 15
1638622432816 0.17269135744585468 16
1638622451278 0.17209992074552988 17
1638622469680 0.174896280062681 18
1638622488194 0.17108602926910269 19
1638622506619 0.17480712753499864 20
1638622525072 0.17345585492304985 21
1638622543551 0.17355840946897605 22
1638622562056 0.16844874603210847 23
1638622580553 0.1720422338199064 24
1638622598915 0.171643669584583 25
1638622617370 0.17352694386691717 26
1638622635802 0.17251421778188275 27
1638622654211 0.17222286965805672 28
1638622672701 0.168773890540779 29
1638622691086 0.17197347565882468 30
1638622709501 0.17278400614771539 31
1638622727939 0.17048235594192682 32
1638622746409 0.1691013658322351 33
1638622764850 0.16965784075632262 34
1638622783241 0.1671988625746931 35
1638622801665 0.16832346633679604 36
1638622820246 0.16581262818650702 37
1638622838713 0.16737949841284339 38
1638622857164 0.16781535520718965 39
1638622875543 0.16469035520718966 40
1638622893894 0.166536336930501 41
1638622912305 0.17014788830211397 42
1638622930700 0.16936882341528214 43
1638622949121 0.16805018179678505 44
1638622967510 0.1696590061477154 45
1638622985926 0.16897025917995873 46
1638623004330 0.1676854139463061 47
1638623022769 0.1692062511609469 48
1638623041211 0.16956985362003305 49
1638623059569 0.17004067219061658 50
1638623077947 0.17234931474476192 51
1638623096343 0.17099687674142033 52
1638623114759 0.16969513331534544 53
1638623133200 0.16944107775054226 54
1638623151629 0.16913749299986514 55
1638623170044 0.16852333115015417 56
1638623188457 0.17162910217494634 57
1638623206910 0.1752441497207377 58
1638623225273 0.17020557522773744 59
1638623243683 0.17157258064071568 60
1638623262085 0.16944457392472062 61
1638623280565 0.1705779181394963 62
1638623299046 0.17160521163416737 63
1638623317403 0.17132202125009086 64
1638623335805 0.17068629964238646 65
1638623354275 0.17042000745073219 66
1638623372751 0.17188315773974952 67
1638623391263 0.1712532630890091 68
1638623409636 0.17076205015182494 69
1638623428073 0.1719385138825874 70
1638623446534 0.17248158678843106 71
1638623464956 0.1727117518124553 72
1638623483442 0.17092112623198183 73
1638623501767 0.17357880383557667 74
1638623520160 0.1716652293425764 75
1638623538572 0.17086810087192955 76
1638623556988 0.1717159239198431 77
1638623575421 0.17436019950519407 78
1638623593795 0.17455423736158823 79
1638623612208 0.17233707811791082 80
1638623630643 0.1758752097628709 81
1638623649099 0.1751503356274842 82
1638623667583 0.17607274379344345 83
1638623686066 0.1732693921279356 84
1638623704555 0.17336087543840353 85
1638623723056 0.1718446997893339 86
1638623741497 0.17305612529633363 87
1638623759942 0.17413877493384256 88
1638623778413 0.17486597985201488 89
1638623796936 0.17347275311547208 90
1638623815378 0.17694096120795763 91
1638623833829 0.17700738858625378 92
1638623852279 0.17686637608991193 93
1638623870705 0.17600048945818333 94
1638623889113 0.17711926626332233 95
1638623907552 0.1729104512344206 96
1638623925979 0.17648471004701075 97
1638623944426 0.17544051835991745 98
1638623962804 0.17525871713037436 99
1638623981226 0.1762871760164382 100
1638623999641 0.17688677045651255 101
1638624018654 0.17388355397764657 102
1638624037163 0.17459269531200386 103
1638624055565 0.1779344583177842 104
1638624073950 0.17510954689428296 105
1638624092400 0.17589327334668595 106
1638624110879 0.1764147864945362 107
1638624129214 0.178039343646496 108
1638624147649 0.17750209769761632 109
1638624166074 0.17793096214360585 110
1638624184516 0.17889066286858796 111
1638624203015 0.1788557010923507 112
1638624221360 0.17902060412947154 113
1638624239738 0.17670380383557666 114
1638624258179 0.17703127912703276 115
1638624276731 0.17851365839125793 116
1638624295445 0.17719035520718965 117
1638624315189 0.17704584653666944 118
1638624335534 0.17569340853332785 119
1638624354835 0.17688327428233416 120
1638624374834 0.17733836005188827 121
1638624394628 0.17934225246396368 122
1638624414161 0.17675915997841454 123
1638624433901 0.1775143343244674 124
1638624452912 0.1782427046340325 125
1638624472402 0.17933759089839252 126
1638624491872 0.178926790036218 127
1638624510965 0.17872459444007432 128
1638624530286 0.18008402479177266 129
1638624548928 0.18082463172818883 130
1638624567850 0.17939411243262318 131
1638624587774 0.17469874603210847 132
