1638622156276 3.3761916096116926 1
1638622174754 3.2393722608471376 2
1638622193188 3.217802525579327 3
1638622211708 3.213450734019398 4
1638622230184 3.2011587978915452 5
1638622248628 3.202227814800363 6
1638622267069 3.1974884983361083 7
1638622285549 3.191164524035897 8
1638622304009 3.1949978209757943 9
1638622322426 3.1879603250071478 10
1638622340819 3.19790467950578 11
1638622359185 3.1880214228459334 12
1638622377599 3.1967615594463474 13
1638622396051 3.20028303901845 14
1638622414406 3.1913420896199027 15
1638622432812 3.1861911459200267 16
1638622451275 3.197315813220536 17
1638622469677 3.2066638866966977 18
1638622488190 3.204333050659913 19
1638622506616 3.197194374344304 20
1638622525066 3.196217010735125 21
1638622543548 3.1930015320862095 22
1638622562053 3.2061325604151976 23
1638622580550 3.2007980596789296 24
1638622598912 3.2015638190230913 25
1638622617366 3.1929537117796887 26
1638622635798 3.2067058479400026 27
1638622654208 3.201528741141826 28
1638622672698 3.1929903892463516 29
1638622691081 3.2048711730451918 30
1638622709498 3.2048439200481615 31
1638622727936 3.2061820307211812 32
1638622746406 3.208441169339456 33
1638622764847 3.196216398177737 34
1638622783237 3.20546724723167 35
1638622801661 3.1996890174803254 36
1638622820243 3.206807055797298 37
1638622838710 3.1999078740966223 38
1638622857161 3.1890809584674895 39
1638622875539 3.218211625165183 40
1638622893891 3.198812958294711 41
1638622912302 3.2096188980402256 42
1638622930697 3.205974967272818 43
1638622949118 3.2081198269669287 44
1638622967506 3.1981513314053474 45
1638622985922 3.2066695043463973 46
1638623004327 3.197411208033232 47
1638623022765 3.1988672875615975 48
1638623041208 3.202020284585589 49
1638623059566 3.207356987992883 50
1638623077943 3.1941350323500575 51
1638623096340 3.204844813896983 52
1638623114756 3.202723025176773 53
1638623133197 3.21592509565347 54
1638623151626 3.217023566049858 55
1638623170041 3.208426014265729 56
1638623188453 3.1939669044220285 57
1638623206907 3.2062243160555175 58
1638623225270 3.2047425138398116 59
1638623243679 3.2014473507564505 60
1638623262081 3.201632736536213 61
1638623280562 3.2103236632221535 62
1638623299043 3.208276826822943 63
1638623317400 3.2049700671559047 64
1638623335802 3.187814138181568 65
1638623354272 3.2064604694922108 66
1638623372747 3.2072686548508997 67
1638623391260 3.2049992498278583 68
1638623409633 3.202174522092152 69
1638623428070 3.201037568729893 70
1638623446531 3.2005850973928553 71
1638623464953 3.203063528328363 72
1638623483439 3.2072782592796534 73
1638623501764 3.210264829784583 74
1638623520156 3.2054534496705065 75
1638623538568 3.2128788037873846 76
1638623556985 3.192066537656692 77
1638623575418 3.200499407897372 78
1638623593792 3.1905364491307937 79
1638623612205 3.1981496458458487 80
1638623630639 3.2007431240125914 81
1638623649095 3.192541261552452 82
1638623667580 3.194939411586913 83
1638623686063 3.193847856897891 84
1638623704551 3.1858975069702167 85
1638623723053 3.2071189487409426 86
1638623741494 3.19338911833289 87
1638623759938 3.2099658828185285 88
1638623778410 3.207444148498292 89
1638623796933 3.19929003026464 90
1638623815375 3.1846164728785173 91
1638623833826 3.188126405867318 92
1638623852276 3.186470633319977 93
1638623870702 3.1931014555246557 94
1638623889109 3.1988075125716664 95
1638623907548 3.2088273788025496 96
1638623925976 3.1952392397023925 97
1638623944422 3.1995766711743108 98
1638623962800 3.1943585020450347 99
1638623981222 3.1909728851108414 100
1638623999637 3.1908197196798973 101
1638624018650 3.1895679812188553 102
1638624037159 3.196965959080861 103
1638624055561 3.197827897769163 104
1638624073946 3.1983462705447914 105
1638624092395 3.1933743904363774 106
1638624110875 3.1937985544807836 107
1638624129209 3.1886740691541995 108
1638624147645 3.1880624124625334 109
1638624166071 3.191088060620209 110
1638624184513 3.186141603132244 111
1638624203011 3.1858383856868233 112
1638624221356 3.1927899465837224 113
1638624239735 3.1791115470583 114
1638624258176 3.1884918085595 115
1638624276728 3.1781571695650195 116
1638624295442 3.182618987022261 117
1638624315185 3.189440038023333 118
1638624335530 3.1942120145966686 119
1638624354831 3.187357118215183 120
1638624374831 3.1903275676475773 121
1638624394625 3.1803647725080135 122
1638624414157 3.197673550678049 123
1638624433897 3.1885810069281826 124
1638624452909 3.180908326119977 125
1638624472398 3.1767606199760507 126
1638624491869 3.1883096430443745 127
1638624510961 3.1813468927244872 128
1638624530282 3.1766679144751118 129
1638624548925 3.1759674163682323 130
1638624567846 3.1896760824098243 131
1638624587770 3.1907207659031322 132
