1638514667330 0.11935192522285991 0
1638514695707 0.13201216669440957 0
1638514724084 0.12563805239048997 0
1638514752485 0.11982041301065786 0
1638514780853 0.11637026850198735 0
1638514810108 0.11086087543840353 0
1638514839116 0.10320308129222407 0
1638514867435 0.09892084653666942 0
1638514895785 0.09682430542273328 0
1638514924149 0.09631619429312689 0
1638514952468 0.09760686648374348 0
1638514980778 0.10101622225921278 0
1638515009290 0.09959036452921828 0
1638515037743 0.10446520137649051 0
1638515066137 0.10251783049864575 0
1638515094443 0.10186404530712635 0
1638515122831 0.10310810180757776 0
1638515151278 0.10325610665227636 0
1638515179739 0.10296825470262869 0
1638515208136 0.10051044191239197 0
1638515236488 0.10327183945330581 0
1638515264843 0.10486026943763556 0
1638515293193 0.10514928677867602 0
1638515321636 0.10668818757713186 0
1638515349947 0.10502750325754198 0
1638515378306 0.10330680122954308 0
1638515406630 0.10509626141862373 0
1638515435179 0.10677617471342142 0
1638515463741 0.10372459444007433 0
1638515492085 0.10553095282157722 0
1638515520366 0.10478684971098266 0
1638515548862 0.1044436416184971 0
1638515577202 0.10542024053590146 0
1638515605647 0.10626922897520782 0
1638515633918 0.10609325470262869 0
1638515662277 0.10504207066717865 0
1638515690639 0.1054586984863171 0
1638515719094 0.10493601994707405 0
1638515747559 0.10661709863326453 0
1638515775890 0.10412432406679054 0
1638515804206 0.10280218627411507 0
1638515832557 0.10549366026255437 0
1638515861057 0.10549832182812553 0
1638515890497 0.10618473801309662 0
1638515921470 0.10461087543840353 0
1638515950581 0.10562709769761632 0
1638515979850 0.10426883273731077 0
1638516009076 0.10444713779267548 0
1638516039492 0.10431952731457748 0
1638516069133 0.10323687767706854 0
1638516098306 0.10462893902221856 0
1638516127458 0.10531418981579686 0
1638516156760 0.1056370035416818 0
1638516186026 0.10430729068772641 0
1638516215485 0.10424960376210296 0
1638516244799 0.10565623251688963 0
1638516274022 0.10280335166550784 0
1638516303200 0.10332836098753648 0
1638516334400 0.10336332276377375 0
1638516364456 0.10349209863326453 0
1638516393726 0.10267574118740985 0
1638516422238 0.10437721424020095 0
1638516450917 0.10499021069851915 0
1638516479395 0.10432069270597027 0
1638516507800 0.106060623709177 0
1638516536250 0.10473615513371594 0
1638516564756 0.10439411243262318 0
1638516593252 0.10296475852845031 0
1638516622268 0.10292863136082027 0
1638516650646 0.10543946951110927 0
1638516679103 0.10439527782401598 0
1638516707558 0.10325494126088357 0
1638516736111 0.10251316893307459 0
1638516764521 0.10475888028310214 0
1638516792958 0.10437604884880816 0
1638516821313 0.10369196344662264 0
1638516849776 0.10446403598509772 0
1638516878383 0.1035789203781613 0
1638516906792 0.10480957486036885 0
1638516935297 0.10305740723031105 0
1638516963823 0.10404857355735206 0
1638516992461 0.10414355304199836 0
1638517020869 0.10491912175465182 0
1638517049291 0.1049733125060969 0
1638517077759 0.10437604884880816 0
1638517106196 0.10338138634758878 0
1638517134651 0.1043917816498376 0
1638517163136 0.10457474827077347 0
1638517191488 0.10479034588516103 0
1638517220141 0.10332836098753648 0
1638517248568 0.10348860245908616 0
1638517277090 0.10406663714116708 0
1638517305396 0.10549599104533995 0
1638517333763 0.10215306264816681 0
1638517362191 0.10229640592729425 0
1638517390614 0.10560087637405174 0
1638517420552 0.10520697370429949 0
1638517451286 0.10415695506024222 0
1638517480776 0.10394135744585467 0
1638517511051 0.10482880383557668 0
