1638514667324 3.617548632622196 0
1638514695701 3.470732824072453 0
1638514724078 3.4876338466768946 0
1638514752480 3.4814539174340466 0
1638514780847 3.481279291060253 0
1638514810103 3.477367744890172 0
1638514839110 3.4768985541567066 0
1638514867429 3.482144882680408 0
1638514895779 3.494799824541997 0
1638514924144 3.499324789112225 0
1638514952462 3.4984747282300854 0
1638514980772 3.5038745724588423 0
1638515009284 3.504349308006849 0
1638515037736 3.4981037705362654 0
1638515066131 3.5152574980160045 0
1638515094437 3.508932180156622 0
1638515122825 3.5039688671857117 0
1638515151273 3.5012196494930254 0
1638515179733 3.5031274440224895 0
1638515208130 3.509707023103425 0
1638515236481 3.512557398760763 0
1638515264837 3.5074651196744715 0
1638515293188 3.499857568330603 0
1638515321630 3.5008018759947546 0
1638515349941 3.4950532945829127 0
1638515378300 3.5088773774999873 0
1638515406624 3.506354804821305 0
1638515435173 3.5059093147398284 0
1638515463735 3.5145380921268767 0
1638515492079 3.5050519249221925 0
1638515520360 3.5028304582923986 0
1638515548855 3.5072235245999144 0
1638515577196 3.5007742564302897 0
1638515605641 3.504900275718268 0
1638515633913 3.5051027213908537 0
1638515662271 3.5069127840393097 0
1638515690634 3.5059041466022522 0
1638515719088 3.5003482943330817 0
1638515747553 3.506497628198375 0
1638515775884 3.5116423045841025 0
1638515804201 3.5131081000951063 0
1638515832551 3.4945092245532132 0
1638515861051 3.4963331714910537 0
1638515890491 3.4980530631874664 0
1638515921464 3.50330385433625 0
1638515950575 3.5058605658173536 0
1638515979844 3.503390675000272 0
1638516009069 3.5049878487752535 0
1638516039486 3.5036378478681574 0
1638516069127 3.498893823116371 0
1638516098300 3.5054999819108184 0
1638516127452 3.5122924759017935 0
1638516156754 3.5003391752996817 0
1638516186020 3.513083297741317 0
1638516215479 3.5041610916404595 0
1638516244793 3.502319177972856 0
1638516274016 3.5090136277388417 0
1638516303194 3.4981923816084577 0
1638516334377 3.50626323496192 0
1638516364449 3.5017430233059486 0
1638516393720 3.507219261295471 0
1638516422232 3.5073559951111704 0
1638516450911 3.5093180177648162 0
1638516479389 3.498169283766304 0
1638516507794 3.491806343048345 0
1638516536244 3.509364036342734 0
1638516564749 3.5050589080048806 0
1638516593246 3.5054398263569677 0
1638516622261 3.509921462027322 0
1638516650640 3.506675404251082 0
1638516679097 3.5143608805229487 0
1638516707552 3.5067858600188977 0
1638516736106 3.5068638776865395 0
1638516764515 3.5052959857224093 0
1638516792952 3.496419281493013 0
1638516821307 3.5085993634197274 0
1638516849770 3.4985413320828105 0
1638516878377 3.506756095829176 0
1638516906786 3.49920529718675 0
1638516935291 3.5059814073048026 0
1638516963817 3.509306045956396 0
1638516992455 3.5027243187467727 0
1638517020863 3.51212480442811 0
1638517049285 3.5043289567206988 0
1638517077753 3.5011739227039054 0
1638517106190 3.4991634532071028 0
1638517134645 3.5028717546078454 0
1638517163125 3.5077489951708047 0
1638517191482 3.5019063206754253 0
1638517220135 3.510271025145248 0
1638517248563 3.5072212174594317 0
1638517277083 3.4986526351292455 0
1638517305389 3.506950760890892 0
1638517333757 3.5045150860896013 0
1638517362183 3.5006735577339323 0
1638517390608 3.5054656195524645 0
1638517420546 3.510984427701352 0
1638517451278 3.505221145985207 0
1638517480770 3.4966082932975913 0
1638517511045 3.5044892523525606 0
