1638520633489 0.3467771070196449 0
1638520663548 0.3990950727049326 0
1638520693215 0.41329071880075974 0
1638520724221 0.42674692335156345 0
1638520755351 0.4298404577495046 0
1638520787818 0.43744056497006056 0
1638520819605 0.4451572114332563 0
1638520852030 0.4499079339766089 0
1638520882971 0.4514363462525296 0
1638520914083 0.4541394741548968 0
1638520944988 0.4613252843391 0
1638520977576 0.46502831902118086 0
1638521007720 0.463640919241602 0
1638521038128 0.4674272794944013 0
1638521067699 0.4702801603457831 0
1638521098058 0.47026442754475367 0
1638521129097 0.4722683199568291 0
1638521160482 0.4717852647593945 0
1638521193032 0.4751474221317754 0
1638521224363 0.47575808780730805 0
1638521254285 0.48213919449403797 0
1638521282942 0.48124825189568404 0
1638521312304 0.48032933990390314 0
1638521341594 0.48112297220037165 0
1638521370316 0.4866143016801404 0
1638521398857 0.4878053328205395 0
1638521427568 0.48773191309388664 0
1638521456087 0.4882545916331297 0
1638521484564 0.4879148797148225 0
1638521516533 0.49209863881155247 0
1638521547000 0.49313642082875864 0
1638521577133 0.4936229722003716 0
1638521607491 0.4950284355637655 0
1638521637846 0.49209980420294525 0
1638521669187 0.492593347922915 0
1638521701564 0.4925898517487366 0
1638521731678 0.49463569828540604 0
1638521760624 0.49920228881643 0
1638521790196 0.5003933199568291 0
1638521821965 0.4983544657685164 0
1638521851919 0.49694667162233697 0
1638521881120 0.5025137516115442 0
1638521910021 0.5004871340500826 0
1638521939503 0.5017719793181888 0
1638521969129 0.5051522002743848 0
1638521997961 0.5047897631722379 0
1638522027064 0.5059784635298514 0
1638522055959 0.5068490117271511 0
1638522084923 0.5087375302879796 0
1638522113756 0.5054569504164547 0
1638522143240 0.5085230980649849 0
1638522171950 0.5081880477122489 0
1638522200871 0.5072137796120837 0
1638522230318 0.5129376048986622 0
1638522258843 0.5130640499853675 0
1638522287492 0.5053474034877182 0
1638522316577 0.5093417862936251 0
1638522345825 0.5083494546096449 0
1638522374673 0.5085230980649849 0
1638522403365 0.5102618637112524 0
1638522432001 0.5075196951110929 0
1638522462360 0.5122715830802917 0
1638522493267 0.5112710935876549 0
1638522522134 0.5116480980649849 0
1638522550795 0.5191299179385852 0
1638522579432 0.5114144368667823 0
1638522608161 0.5142177885667437 0
1638522636825 0.5133903598509773 0
1638522665463 0.5137073466198981 0
1638522693972 0.5140563816693476 0
1638522722952 0.5156675368375172 0
1638522752065 0.5156244172870769 0
1638522782028 0.5180268739344757 0
1638522810900 0.5164576729598073 0
1638522840058 0.5181037898697605 0
1638522871228 0.5187144555108396 0
1638522900582 0.5173765849171347 0
1638522929889 0.518051929901101 0
1638522958944 0.5199451099930471 0
1638522989221 0.5168323466198982 0
1638523018815 0.5170875675760942 0
1638523047791 0.5155306031938233 0
1638523076815 0.518410870794616 0
1638523105526 0.5160614394728159 0
1638523134438 0.521199072337564 0
1638523163492 0.5241562558047345 0
1638523193753 0.5169115933379685 0
1638523222786 0.5210784542078227 0
1638523255436 0.5189999766777017 0
1638523285469 0.5210050344811699 0
1638523315228 0.5209147165620948 0
1638523344675 0.5200668935141811 0
1638523373940 0.5213843697412854 0
1638523402893 0.5221995617957473 0
1638523435074 0.5223743706769337 0
1638523466003 0.5201053514645968 0
1638523496044 0.5178497342705037 0
1638523525400 0.5217456414175861 0
1638523556416 0.5207445692464795 0
1638523586759 0.5233422291761188 0
