1638520633483 2.3876881742838534 0
1638520663543 2.1673195090866066 0
1638520693210 2.0999901437905053 0
1638520724214 2.043476545698874 0
1638520755346 2.0146810370251558 0
1638520787812 1.9871077621868893 0
1638520819596 1.9620521804939814 0
1638520852024 1.9379329846355062 0
1638520882965 1.9424347436061566 0
1638520914076 1.9291715795999365 0
1638520944982 1.9088450581449952 0
1638520977570 1.8985097177835306 0
1638521007714 1.889771094956011 0
1638521038123 1.8772311426871129 0
1638521067693 1.8759860385946003 0
1638521098050 1.8685547863639673 0
1638521129091 1.8583472249246202 0
1638521160475 1.8478991662902007 0
1638521193026 1.8462992404196585 0
1638521224357 1.850073643422091 0
1638521254279 1.8316873780154763 0
1638521282936 1.815810550154866 0
1638521312298 1.823846898918449 0
1638521341588 1.818297106909817 0
1638521370310 1.8034177909761062 0
1638521398851 1.8046417382282853 0
1638521427562 1.8010939788501197 0
1638521456081 1.79852687362769 0
1638521484558 1.8004402267979647 0
1638521516527 1.7857688303002566 0
1638521546994 1.7788426473324421 0
1638521577128 1.7821917921665065 0
1638521607484 1.7768332827478404 0
1638521637840 1.7800612207077597 0
1638521669181 1.7702155786779525 0
1638521701558 1.77891792446843 0
1638521731673 1.7805922437744517 0
1638521760618 1.7605567982124972 0
1638521790191 1.7548712217295184 0
1638521821959 1.7625487445093588 0
1638521851913 1.766017281438363 0
1638521881115 1.7456230035882145 0
1638521910016 1.7432070099762558 0
1638521939497 1.751261170394318 0
1638521969123 1.7412751145009235 0
1638521997954 1.7399874382797123 0
1638522027058 1.7385474013866813 0
1638522055953 1.7324263786255623 0
1638522084917 1.7248867742368081 0
1638522113750 1.7379216368432344 0
1638522143233 1.7360502700392664 0
1638522171944 1.7313231972354257 0
1638522200865 1.7369012495441793 0
1638522230312 1.7198996539855116 0
1638522258836 1.7160691162579222 0
1638522287486 1.7383957494291382 0
1638522316571 1.7214249812673488 0
1638522345819 1.7257981361674812 0
1638522374667 1.7258035135434642 0
1638522403359 1.7212963616102275 0
1638522431989 1.7265924900511094 0
1638522462353 1.714684392106801 0
1638522493261 1.7129707237549747 0
1638522522128 1.719464667734096 0
1638522550789 1.6911731851347196 0
1638522579426 1.7190511565405195 0
1638522608155 1.700005263574387 0
1638522636818 1.7067026702745824 0
1638522665458 1.7004614350921878 0
1638522693966 1.7046989162746442 0
1638522722946 1.7087975242131144 0
1638522752059 1.6982681792490866 0
1638522782022 1.7024809297537202 0
1638522810894 1.6977725977891354 0
1638522840052 1.6916260804622718 0
1638522871222 1.6972396586690996 0
1638522900576 1.690685134878439 0
1638522929883 1.6994165475315883 0
1638522958938 1.6876143040837945 0
1638522989215 1.6972345248354095 0
1638523018809 1.6871931847123423 0
1638523047785 1.7003202396209902 0
1638523076810 1.6943488397364188 0
1638523105520 1.693238449393588 0
1638523134432 1.6835254951609915 0
1638523163486 1.6746210730663835 0
1638523193747 1.704997625145314 0
1638523222780 1.6937765494504218 0
1638523255430 1.6871025392113592 0
1638523285463 1.6877450370766165 0
1638523315222 1.6756491830705904 0
1638523344669 1.6882584760696127 0
1638523373934 1.6893204404088809 0
1638523402887 1.668252410933833 0
1638523435068 1.6732581978770558 0
1638523465997 1.6838315083914326 0
1638523496038 1.6876163445455532 0
1638523525394 1.6760192108255134 0
1638523556407 1.6798657166015636 0
1638523586753 1.6731873323660256 0
