1638638479786 0.3637848711523118 1
1638638503271 0.4352876182310025 2
1638638526848 0.4603864809037907 3
1638638550520 0.4744767036985855 4
1638638573849 0.48369739543620766 5
1638638597382 0.4900664774223508 6
1638638621010 0.4948122869256462 7
1638638645950 0.5025912790320487 8
1638638668858 0.5050084314225177 9
1638638691703 0.50717212648645 10
1638638714525 0.5095912836165131 11
1638638737576 0.5094260351418347 12
1638638760504 0.5134873666884442 13
1638638783431 0.51458797292401 14
1638638806455 0.5144631058046504 15
1638638829276 0.5141904601530445 16
1638638852164 0.5170950525145608 17
1638638875200 0.5170231680052385 18
1638638898027 0.5160852327220159 19
1638638920947 0.5180676413256907 20
1638638943770 0.5197645166660841 21
1638638966591 0.5217884522249737 22
1638638989483 0.524150903657182 23
1638639012309 0.522310259298144 24
1638639035272 0.5204335294887595 25
1638639058083 0.5206881323807785 26
1638639080855 0.5226702545930827 27
1638639103700 0.5249800098066242 28
1638639126482 0.5244195397607724 29
1638639149237 0.5264237142462653 30
1638639172191 0.5236626044776093 31
1638639194949 0.5229228527455076 32
1638639217797 0.5262263898348423 33
1638639241404 0.5243124289752155 34
1638639264297 0.5249619670814509 35
1638639287228 0.5232470490158843 36
1638639310015 0.5270560688014394 37
1638639333045 0.5274335340388102 38
1638639356029 0.5253964244768746 39
1638639378888 0.5272533931784487 40
1638639401734 0.5274366843783002 41
1638639424547 0.5269483852331412 42
1638639447274 0.5268905339353905 43
1638639470042 0.5258291634896611 44
1638639493005 0.5277966797076526 45
1638639515725 0.5268197949915505 46
1638639538625 0.5318923783219714 47
1638639562044 0.5301219000896186 48
1638639586679 0.5244579163764971 49
1638639609935 0.526910295008787 50
