1638638479782 2.294363179885758 1
1638638503268 1.9853113354658023 2
1638638526845 1.8788511235317806 3
1638638550516 1.8147803391617543 4
1638638573846 1.77571705502777 5
1638638597378 1.7455903064803908 6
1638638621006 1.7267988678794859 7
1638638645946 1.7072950381777363 8
1638638668852 1.691645475512618 9
1638638691700 1.687709197457655 10
1638638714522 1.6758673251553844 11
1638638737572 1.668969329479826 12
1638638760500 1.6582653125435451 13
1638638783427 1.6578725306807043 14
1638638806451 1.6551494149345434 15
1638638829272 1.6504308944843453 16
1638638852160 1.648529673946344 17
1638638875195 1.6399722096551048 18
1638638898023 1.6456316600080678 19
1638638920943 1.6378058462019225 20
1638638943767 1.6346382392841625 21
1638638966588 1.6322349385439339 22
1638638989479 1.6276031260243236 23
1638639012304 1.6227363537372372 24
1638639035268 1.6308749925633605 25
1638639058079 1.6292870055828401 26
1638639080852 1.625712760012331 27
1638639103695 1.6179739566693576 28
1638639126478 1.619945557270219 29
1638639149233 1.6202633640697013 30
1638639172187 1.6193360464920878 31
1638639194945 1.6185271469269045 32
1638639217793 1.618050464672164 33
1638639241400 1.620388125789537 34
1638639264292 1.6124901208526021 35
1638639287224 1.6213373220003668 36
1638639310011 1.6075260495704184 37
1638639333041 1.6107792254573843 38
1638639356025 1.612408214372276 39
1638639378884 1.6090341296777673 40
1638639401730 1.610753618532827 41
1638639424543 1.607202920633133 42
1638639447271 1.6121083178657085 43
1638639470038 1.6121030184069873 44
1638639493002 1.6101494823572338 45
1638639515721 1.6095803858039117 46
1638639538622 1.6025985624970738 47
1638639562040 1.6037222538193472 48
1638639586675 1.6116934200157673 49
1638639609931 1.60140297715848 50
