1638535597322 0.2368578687224085 0
1638535628694 0.24504300297340217 0
1638535658028 0.2514351808611368 0
1638535688819 0.24977449654154696 0
1638535718296 0.2489255081022406 0
1638535747337 0.24879440144996423 0
1638535776473 0.2543288504457198 0
1638535805840 0.252303398275651 0
1638535834938 0.2512184178553565 0
1638535863617 0.2536447650435343 0
1638535892206 0.25497797407166806 0
1638535921692 0.25441800297340217 0
1638535950866 0.2533487553541371 0
1638535980328 0.25602449654154696 0
1638536008773 0.25597263657288744 0
1638536037202 0.25719629870673827 0
1638536065748 0.2569795357009579 0
1638536094956 0.2576309901096917 0
1638536126042 0.254163947408599 0
1638536156693 0.2564964805035233 0
1638536187389 0.2562266921376906 0
1638536218264 0.25705179003621803 0
1638536248978 0.26069189351418115 0
1638536279448 0.2555344489957556 0
1638536310083 0.2570214898255519 0
1638536340645 0.2604005453903551 0
1638536371473 0.2551393809346105 0
1638536402094 0.25759369755066885 0
1638536432868 0.2566205948074429 0
1638536463393 0.25358591272651804 0
1638536494013 0.2550478976241426 0
1638536524652 0.2579718674193917 0
1638536555065 0.2559102880816928 0
1638536585551 0.2596360479131599 0
1638536616231 0.2561835726217038 0
1638536646825 0.25746841785535646 0
1638536677434 0.25617133599485276 0
1638536708152 0.25488299458702174 0
1638536736723 0.2567505360683265 0
1638536765429 0.2589653645292183 0
1638536793885 0.25654950586357556 0
1638536822225 0.2576694480601074 0
1638536850593 0.25660369661502064 0
1638536878960 0.25713220211122767 0
1638536907349 0.25857262725085883 0
1638536935791 0.2572312604829755 0
1638536964168 0.25378111597430497 0
1638536992517 0.25650988252176715 0
1638537021174 0.2551189865680099 0
1638537049872 0.25416627819138454 0
1638537078314 0.25455785007835124 0
1638537106691 0.2552477624375007 0
1638537135058 0.2551440425001817 0
1638537163396 0.2595433992112992 0
1638537191801 0.255300787797553 0
1638537220209 0.25686882341528217 0
1638537248497 0.2525551230576686 0
1638537276797 0.25581239510133774 0
1638537305262 0.2546336005877897 0
1638537333732 0.25416511279999177 0
1638537362178 0.25620629777109005 0
1638537390517 0.25553677977854117 0
1638537418983 0.2545939772459813 0
1638537447428 0.2532403738512469 0
1638537475849 0.2567889940187421 0
1638537504208 0.25142177884289296 0
1638537532570 0.2542950540608753 0
1638537560975 0.2558572627216405 0
1638537590035 0.2596179843293449 0
1638537618700 0.25699759928477295 0
1638537647814 0.2571106423532343 0
1638537676284 0.2605730234887559 0
1638537704699 0.25945308129222405 0
1638537733167 0.25730468020962843 0
1638537761631 0.2542385325266447 0
1638537790043 0.25481423642594003 0
1638537818420 0.2597782258008946 0
1638537846885 0.25360281091894027 0
1638537875266 0.25360980326729704 0
1638537903773 0.2538894974771952 0
1638537932121 0.25752260860680154 0
1638537960604 0.25939889054077897 0
1638537989054 0.25557290694617124 0
1638538017507 0.257452685054327 0
1638538046043 0.25777549878021194 0
1638538074316 0.2569265103409056 0
1638538102676 0.2529886490692293 0
1638538132275 0.25513588476043214 0
1638538161307 0.25771023679330857 0
1638538189925 0.2552296988536857 0
1638538218651 0.25821019018316543 0
1638538247024 0.25761409191726947 0
1638538275534 0.2525452172136031 0
1638538304098 0.25683735781322325 0
1638538332505 0.2550659612079576 0
1638538360800 0.25602333115015413 0
1638538389176 0.2543061252963336 0
1638538417543 0.2568507598314671 0
1638538446043 0.2583727624375007 0
1638538474387 0.25567429610070463 0
