1638535597317 2.859790800786741 0
1638535628689 2.7986093491953072 0
1638535658022 2.788201503286366 0
1638535688812 2.7833373905518837 0
1638535718291 2.771266071693038 0
1638535747332 2.779827023693583 0
1638535776468 2.7687438832971694 0
1638535805836 2.766541340445607 0
1638535834934 2.764703842686368 0
1638535863613 2.76321545831316 0
1638535892201 2.763312010779124 0
1638535921687 2.752327819186586 0
1638535950861 2.766879286515167 0
1638535980323 2.7489335330887843 0
1638536008768 2.749890671574098 0
1638536037198 2.7434805426667492 0
1638536065743 2.7574826916025104 0
1638536094951 2.748763391894754 0
1638536126038 2.758733454472326 0
1638536156688 2.7512841954357867 0
1638536187377 2.7573500050980786 0
1638536218259 2.747662024652516 0
1638536248973 2.7452183684416407 0
1638536279443 2.755192919159439 0
1638536310076 2.743203630533918 0
1638536340641 2.7446135764227413 0
1638536371469 2.7398578977740833 0
1638536402089 2.745116120724774 0
1638536432862 2.739361210630573 0
1638536463388 2.7520402703798967 0
1638536494008 2.757388787200041 0
1638536524648 2.7389800127323034 0
1638536555060 2.7497292859659392 0
1638536585546 2.7464493783104156 0
1638536616227 2.7520631139669307 0
1638536646820 2.757663440305308 0
1638536677430 2.7461171724373687 0
1638536708147 2.758278958591946 0
1638536736718 2.752106180195694 0
1638536765424 2.739382894108059 0
1638536793880 2.7548398213903043 0
1638536822220 2.7374726614796177 0
1638536850588 2.7513878529021003 0
1638536878955 2.7433080084270838 0
1638536907344 2.745826782710441 0
1638536935787 2.7501367010911584 0
1638536964163 2.7494183886429746 0
1638536992512 2.74953783082663 0
1638537021169 2.755472616200712 0
1638537049867 2.750600060564771 0
1638537078309 2.7549597927902063 0
1638537106687 2.754658031608414 0
1638537135053 2.7508648568520755 0
1638537163391 2.7460772746586666 0
1638537191796 2.7559067196285545 0
1638537220204 2.747302603117891 0
1638537248493 2.756034906232782 0
1638537276793 2.750091114956374 0
1638537305257 2.749475471718354 0
1638537333727 2.765022149579754 0
1638537362173 2.74784798971354 0
1638537390512 2.746730566559129 0
1638537418978 2.755331368927867 0
1638537447423 2.7553538415046166 0
1638537475845 2.7494823747263224 0
1638537504203 2.7658826309055655 0
1638537532565 2.750973369659511 0
1638537560970 2.752341718657503 0
1638537590030 2.7401085844923663 0
1638537618697 2.74759278575027 0
1638537647809 2.745315048496255 0
1638537676280 2.7320839932160212 0
1638537704694 2.739202313910362 0
1638537733162 2.741749056330137 0
1638537761626 2.752851345107865 0
1638537790039 2.745047871306818 0
1638537818415 2.7487968323682224 0
1638537846880 2.7568529029122373 0
1638537875262 2.758035184038815 0
1638537903768 2.7553993210454784 0
1638537932117 2.7489849311951615 0
1638537960599 2.7425682728369027 0
1638537989049 2.763407446844392 0
1638538017502 2.749838465812772 0
1638538046038 2.7426604870818907 0
1638538074311 2.753892585065016 0
1638538102671 2.7582710876761665 0
1638538132265 2.75788873749828 0
1638538161302 2.7514863092994513 0
1638538189921 2.753145593318477 0
1638538218646 2.745363103067226 0
1638538247019 2.745708640161642 0
1638538275530 2.7635538083847195 0
1638538304092 2.7476000124959103 0
1638538332501 2.7544100406140717 0
1638538360795 2.751552927825216 0
1638538389171 2.7443151065567104 0
1638538417538 2.756007469381057 0
1638538446039 2.7474072214377525 0
1638538474382 2.7469950930736586 0
