1638794241765 0.527004475090545 1
1638794279351 0.6005652153423067 2
1638794315030 0.6272585306553482 3
1638794350021 0.6457206787401542 4
1638794384335 0.6565023074604872 5
1638794419456 0.6655218627411507 6
1638794453614 0.6733579619771484 7
1638794488420 0.6793562371606772 8
1638794524555 0.6842357355735206 9
1638794561239 0.6915514870186072 10
1638794596668 0.6936672571077512 11
1638794633006 0.6998257738317368 12
1638794668626 0.7041924995494027 13
1638794704132 0.7067755920349518 14
1638794739152 0.7107192802291386 15
1638794774519 0.7157986434897935 16
1638794810078 0.7142877120847647 17
1638794846224 0.7190588290291714 18
1638794880739 0.719456227873102 19
1638794915222 0.7239756199665841 20
