1638794241759 1.6844331973856514 1
1638794279347 1.3576100994397933 2
1638794315026 1.2544569243195753 3
1638794350018 1.190316475532051 4
1638794384331 1.1536112475986002 5
1638794419452 1.1202647815174789 6
1638794453610 1.0836484119755818 7
1638794488416 1.062559783541663 8
1638794524552 1.0573593426761685 9
1638794561235 1.0174408761541467 10
1638794596664 1.0169988675669681 11
1638794633002 0.9944228212499049 12
1638794668622 0.9821444720486074 13
1638794704128 0.967357489737235 14
1638794739148 0.9541240664934296 15
1638794774515 0.9392041842743165 16
1638794810074 0.9406330970964834 17
1638794846219 0.9252912422288045 18
1638794880735 0.9238781039692017 19
1638794915218 0.9159942746522238 20
