1638511793427 0.3613410171401294 0
1638511821935 0.4309242727784063 0
1638511850573 0.45731749954940265 0
1638511879294 0.4715096494365979 0
1638511907610 0.48258728788078176 0
1638511935951 0.49086157469391134 0
1638511964397 0.4993683572449436 0
1638511992948 0.5030906209366859 0
1638512021342 0.5102944946702506 0
1638512049650 0.5141793305818745 0
1638512077978 0.517665602258175 0
1638512106361 0.519276757391891 0
1638512134878 0.5220527223424415 0
1638512163266 0.5241912176154252 0
1638512191637 0.5261688886694825 0
1638512220034 0.5276582602820644 0
1638512248583 0.5281640406288852 0
1638512277051 0.5304726831830305 0
1638512305435 0.531716739683482 0
1638512333907 0.5329182593808698 0
1638512362318 0.5342526338003963 0
1638512390848 0.5365309761438756 0
1638512419636 0.5401535987164933 0
1638512448902 0.5368683572449436 0
1638512477314 0.5361446485009497 0
1638512505726 0.540678608038522 0
1638512534247 0.5402981073870136 0
1638512562765 0.5397427978543188 0
1638512591041 0.5400609500146326 0
1638512619384 0.5454666231408973 0
1638512648240 0.5457340807239445 0
1638512676748 0.5435279927157253 0
1638512705242 0.5448163341235563 0
1638512733632 0.5485723941656896 0
1638512761925 0.5456326916038645 0
1638512790451 0.5474763425099367 0
1638512818896 0.5481400335455217 0
1638512847474 0.5480858427940766 0
1638512875783 0.5487938187714946 0
1638512904210 0.5464455528755409 0
1638512932668 0.5479867844223287 0
1638512961168 0.5490443781621195 0
1638512989550 0.5500943968061767 0
1638513017988 0.549319993484916 0
1638513046407 0.5505966809443655 0
1638513074855 0.5493141664934985 0
1638513103328 0.5498030486823506 0
1638513131642 0.55253064983842 0
1638513160070 0.552512586254605 0
1638513188392 0.5507615839814864 0
1638513216798 0.55296534120692 0
1638513245301 0.5528050997353703 0
1638513273659 0.5522247342705038 0
1638513302072 0.5540491562358216 0
1638513330589 0.554606796551302 0
1638513359076 0.5524968534535756 0
1638513387636 0.5546668142941645 0
1638513415970 0.550472566640446 0
1638513444350 0.5535229815224002 0
1638513472745 0.5528895906974814 0
1638513501253 0.5567621900167079 0
1638513529727 0.5576257458311974 0
1638513560474 0.5542396979180375 0
1638513589698 0.5547309108552216 0
1638513619344 0.5550787805132783 0
1638513648561 0.5567382994414753 0
1638513677960 0.5570960749435976 0
1638513707509 0.5536721517584916 0
1638513736662 0.5554546195992156 0
1638513765897 0.5546452545017176 0
1638513795196 0.5580208138923425 0
1638513824413 0.5565407654453565 0
1638513853540 0.5589263238658795 0
1638513882629 0.5569766222397027 0
1638513911847 0.555907374585984 0
1638513941762 0.5552366912020424 0
1638513970823 0.55823641150673 0
1638513999893 0.5563793585479604 0
1638514029008 0.5558916417849546 0
1638514058644 0.5576595422160419 0
1638514088773 0.5586227391496559 0
1638514119168 0.5558904764280154 0
1638514149603 0.5583121620161685 0
1638514178860 0.5607857076418882 0
1638514208012 0.5592526338003964 0
1638514237472 0.5591599850985356 0
1638514266531 0.5578401780541922 0
1638514295578 0.5608783563437489 0
1638514323937 0.557099571117776 0
1638514352387 0.5593382901194468 0
1638514380899 0.5578401780541922 0
1638514409286 0.5580243101009744 0
1638514437651 0.5605846774026838 0
1638514466162 0.5596657654453564 0
1638514494657 0.5580254754579136 0
1638514523136 0.5594321042127003 0
1638514551504 0.5591419215147206 0
1638514579862 0.5600474314882576 0
1638514608276 0.55840364536109 0
1638514636758 0.5614313350592045 0
