1638511793422 2.3034666313863834 0
1638511821929 2.006952559538372 0
1638511850567 1.8988721932775705 0
1638511879289 1.8371805450233574 0
1638511907604 1.7941785291633694 0
1638511935945 1.757379147409477 0
1638511964391 1.7267014513213628 0
1638511992942 1.7069360374928184 0
1638512021336 1.6804746325245663 0
1638512049645 1.6682263723322874 0
1638512077972 1.6531584729196314 0
1638512106356 1.6465249294198474 0
1638512134872 1.635462525380992 0
1638512163261 1.622947063848013 0
1638512191631 1.6152739153059668 0
1638512220028 1.6123551886699687 0
1638512248578 1.5990005402247238 0
1638512277045 1.5991752415150498 0
1638512305429 1.5877430668054222 0
1638512333901 1.587510624484246 0
1638512362313 1.5801219730906202 0
1638512390842 1.5767072052178839 0
1638512419630 1.567433477652498 0
1638512448896 1.5718244498134606 0
1638512477308 1.5668712149885557 0
1638512505720 1.559800289700967 0
1638512534241 1.5575276474067834 0
1638512562759 1.5589646879703247 0
1638512591035 1.5551717660729043 0
1638512619378 1.544949687354415 0
1638512648234 1.5399648680964382 0
1638512676742 1.5419013822934309 0
1638512705236 1.5377014854576703 0
1638512733626 1.5295579338163363 0
1638512761919 1.535214869543006 0
1638512790445 1.5312139243994438 0
1638512818890 1.5328807769575923 0
1638512847468 1.5325947735839511 0
1638512875777 1.5232676735351278 0
1638512904204 1.5312386175802166 0
1638512932661 1.525033159980541 0
1638512961163 1.5182987287952185 0
1638512989544 1.5178940086268908 0
1638513017982 1.5199140241856384 0
1638513046402 1.5220574103575233 0
1638513074849 1.5188810774951074 0
1638513103323 1.516019083511707 0
1638513131636 1.5109153481470239 0
1638513160064 1.5091753885631247 0
1638513188386 1.5145413186593362 0
1638513216792 1.511849901568748 0
1638513245294 1.5098234847273373 0
1638513273653 1.5157709102398604 0
1638513302066 1.501366124231221 0
1638513330583 1.503159416065126 0
1638513359070 1.510230159639724 0
1638513387630 1.501517372706031 0
1638513415964 1.5012189934120839 0
1638513444344 1.5123107399965399 0
1638513472739 1.5023001851796272 0
1638513501247 1.4965039506951325 0
1638513529721 1.4928239912873593 0
1638513560468 1.4981958843969774 0
1638513589692 1.5025549675310954 0
1638513619337 1.502153701342423 0
1638513648554 1.4950576996125438 0
1638513677953 1.4872490150876312 0
1638513707503 1.4928946084361867 0
1638513736656 1.497231929125579 0
1638513765892 1.4940342412980119 0
1638513795190 1.4968488256971855 0
1638513824407 1.49246223170191 0
1638513853534 1.4893876786199847 0
1638513882623 1.4970756398260507 0
1638513911841 1.4889470308462656 0
1638513941756 1.4926346707348794 0
1638513970817 1.4854989209580955 0
1638513999886 1.4933959707634727 0
1638514029001 1.4914935401586276 0
1638514058638 1.4900081349209509 0
1638514088767 1.4840962692268638 0
1638514119161 1.4907070742726967 0
1638514149597 1.4867032691123983 0
1638514178854 1.4826447112333563 0
1638514208006 1.4832426746932645 0
1638514237466 1.4789615258705648 0
1638514266525 1.4909864232375818 0
1638514295572 1.483547403817278 0
1638514323930 1.481690475945746 0
1638514352381 1.4817468529915196 0
1638514380892 1.4804677910468367 0
1638514409279 1.4875003565272829 0
1638514437643 1.4795085722046102 0
1638514466155 1.4810458586105526 0
1638514494651 1.4883277400069512 0
1638514523130 1.4796336704873616 0
1638514551497 1.481942301541839 0
1638514579856 1.4793841950144926 0
1638514608270 1.477734485789421 0
1638514636752 1.4819383972162177 0
