1638526661530 0.2495385045605588 0
1638526691234 0.2733667023953675 0
1638526720447 0.2735438420593394 0
1638526749980 0.27517422616826315 0
1638526779252 0.2749335726217038 0
1638526808268 0.27565844675709056 0
1638526838656 0.27238893808657033 0
1638526868546 0.2742168562260666 0
1638526898506 0.27469758064071564 0
1638526927243 0.2715603440138646 0
1638526956185 0.2769671825315222 0
1638526986142 0.27822930261578865 0
1638527014509 0.27763203895849986 0
1638527042988 0.27795601807577763 0
1638527071579 0.27568000651508395 0
1638527100315 0.2784245058635756 0
1638527129511 0.27390977530121113 0
1638527157829 0.2759835912657611 0
1638527186432 0.2765144275447537 0
1638527214943 0.279285730929733 0
1638527243786 0.2744493520328764 0
1638527272782 0.27406302442440406 0
1638527301550 0.2727018459683898 0
1638527330249 0.27363532536980734 0
1638527359534 0.27233474733512525 0
1638527388973 0.2723685437199697 0
1638527418340 0.2733305752277374 0
1638527447302 0.27367494871161574 0
1638527476458 0.2687773867149574 0
1638527505277 0.2734173969726342 0
1638527534818 0.27578722262658134 0
1638527564050 0.2733632062211891 0
1638527592947 0.27484558548541427 0
1638527622576 0.2744301230576686 0
1638527652546 0.2772165765307542 0
1638527681715 0.2760774053590146 0
1638527712335 0.28029729162337463 0
1638527742350 0.276629218717531 0
1638527772271 0.2729454130106579 0
1638527801736 0.2767964525374374 0
1638527831771 0.2744843138091137 0
1638527861264 0.28114861084546655 0
1638527892177 0.27703360990981835 0
1638527921068 0.2763844862838701 0
1638527950637 0.28094874603210845 0
1638527980350 0.27705400427641896 0
1638528009542 0.28386863694025605 0
1638528040583 0.28008402479177263 0
1638528070378 0.2736615466933719 0
1638528099565 0.2819649682913212 0
1638528128680 0.27719385138136804 0
1638528157684 0.2769817499411589 0
1638528186769 0.2821048153962703 0
1638528216489 0.282921172842125 0
1638528245864 0.27538749299986515 0
1638528275428 0.2815495058635756 0
1638528304999 0.28125815773974955 0
1638528334348 0.2800129358479053 0
1638528363399 0.2795759136621663 0
1638528392480 0.27764660636813654 0
1638528422648 0.2819830318751363 0
1638528452065 0.27482752190159926 0
1638528481265 0.27957824444495183 0
1638528511151 0.27748636489658685 0
1638528540965 0.27701321554321773 0
1638528571383 0.2758979349122571 0
1638528600936 0.2823105071665924 0
1638528630513 0.27764660636813654 0
1638528659744 0.28420485268438483 0
1638528689106 0.27683374509646025 0
1638528718187 0.2780405090378888 0
1638528747572 0.2814929843293449 0
1638528777081 0.2861930122954308 0
1638528807208 0.28010558454976603 0
1638528836913 0.2797734476927388 0
1638528866083 0.28135313722439587 0
1638528895885 0.28115094162825216 0
1638528925640 0.2771250932202863 0
1638528955518 0.27619918888014866 0
1638528985271 0.2795636770353152 0
1638529014687 0.2837724920642169 0
1638529044491 0.280069457382136 0
1638529073504 0.27941683758200936 0
1638529103172 0.2820745151856042 0
1638529132511 0.2778307383804652 0
1638529161864 0.2860327708238811 0
1638529191463 0.2774875302879797 0
1638529220936 0.2796155370039747 0
1638529250719 0.27957940983634466 0
1638529280144 0.2808811532624195 0
1638529309276 0.280069457382136 0
1638529338566 0.28212404437147814 0
1638529368897 0.2783883786959455 0
1638529398309 0.2794745245076328 0
1638529428161 0.28115210701964494 0
1638529457611 0.28344268598997524 0
1638529488637 0.28605083440769613 0
1638529518556 0.27792105629954034 0
1638529548147 0.2804307290584366 0
1638529577717 0.27772119148618224 0
