1638526661526 2.82877675400216 0
1638526691230 2.7337078042848835 0
1638526720442 2.7190462433389264 0
1638526749975 2.7096355164620096 0
1638526779247 2.723289830169231 0
1638526808264 2.713983995276214 0
1638526838651 2.722689799967525 0
1638526868542 2.716336239872451 0
1638526898502 2.7147142546080425 0
1638526927239 2.7378917740037156 0
1638526956181 2.717659492190338 0
1638526986138 2.7049731541695192 0
1638527014505 2.7175708165567714 0
1638527042984 2.711799228305787 0
1638527071574 2.718167406686967 0
1638527100310 2.709708428765105 0
1638527129506 2.7316374599482227 0
1638527157825 2.7143674218476015 0
1638527186427 2.7102204039834277 0
1638527214938 2.7026366628114604 0
1638527243780 2.708288465206469 0
1638527272778 2.7247277805905052 0
1638527301545 2.722501236373673 0
1638527330244 2.7135485656555294 0
1638527359529 2.7282143336872884 0
1638527388968 2.7315060688555697 0
1638527418335 2.723894377766748 0
1638527447297 2.7136592834437563 0
1638527476454 2.73924879464378 0
1638527505273 2.736446552136819 0
1638527534813 2.7037824714242196 0
1638527564045 2.704619873903108 0
1638527592941 2.71333670580383 0
1638527622571 2.7235177233353296 0
1638527652541 2.7109069451855357 0
1638527681710 2.701531480936596 0
1638527712331 2.6876164622767655 0
1638527742345 2.719647380271342 0
1638527772266 2.7222832625744853 0
1638527801731 2.699970812615437 0
1638527831766 2.702230549682574 0
1638527861260 2.699014755496513 0
1638527892172 2.7160624133527236 0
1638527921063 2.7094767938791056 0
1638527950632 2.7074496548483538 0
1638527980345 2.694953568553516 0
1638528009538 2.686899768021376 0
1638528040578 2.69783044505193 0
1638528070374 2.711690493136085 0
1638528099561 2.6855479338504917 0
1638528128675 2.697948308981038 0
1638528157678 2.700689939665101 0
1638528186764 2.6889859425036264 0
1638528216485 2.6848505568478047 0
1638528245859 2.712704752394208 0
1638528275423 2.7067155989914204 0
1638528304994 2.6918066697309673 0
1638528334344 2.6972933570965516 0
1638528363395 2.6895435290702294 0
1638528392475 2.7099749933971546 0
1638528422643 2.693547274329621 0
1638528452059 2.708624797060684 0
1638528481259 2.6921214489024385 0
1638528511146 2.693708469326161 0
1638528540960 2.7065183754040714 0
1638528571378 2.704734389254972 0
1638528600932 2.667869762662697 0
1638528630509 2.701485872057523 0
1638528659739 2.687478412463939 0
1638528689101 2.7106244160321573 0
1638528718182 2.6957582299910605 0
1638528747567 2.6860844242360984 0
1638528777076 2.6730897127240745 0
1638528807203 2.685593123813207 0
1638528836908 2.690230112796142 0
1638528866078 2.69390935392523 0
1638528895880 2.6810570713893136 0
1638528925635 2.7019693607523583 0
1638528955513 2.709299172270375 0
1638528985265 2.687680878346967 0
1638529014682 2.6900610912476823 0
1638529044486 2.6917667145658135 0
1638529073499 2.6933466117308402 0
1638529103168 2.6972317499287666 0
1638529132506 2.6997204309283167 0
1638529161859 2.6758356588805157 0
1638529191457 2.697858458754492 0
1638529220931 2.701376124142131 0
1638529250714 2.703901253372804 0
1638529280139 2.6841109898101263 0
1638529309271 2.6948142534204926 0
1638529338561 2.6840566844553386 0
1638529368893 2.6962754423942763 0
1638529398304 2.6864160743564587 0
1638529428155 2.701813293506984 0
1638529457606 2.6757533287268145 0
1638529488632 2.68153902719752 0
1638529518552 2.69919426724699 0
1638529548142 2.707773994235543 0
1638529577713 2.7100938213298815 0
