1638630218107 0.3361245142876689 1
1638630240975 0.4188143237564911 2
1638630263695 0.44847914149799745 3
1638630286365 0.4662500801937134 4
1638630309261 0.48131690131323995 5
1638630332082 0.4943073770121669 6
1638630354868 0.4994123226707031 7
1638630377626 0.5089408863361659 8
1638630400283 0.5150748401123162 9
1638630423006 0.5229245711281448 10
1638630445843 0.528966592895792 11
1638630468465 0.533227539984789 12
1638630491076 0.5403323641894321 13
1638630513798 0.543763632311832 14
1638630536512 0.5436745642514482 15
1638630559296 0.5491584071386219 16
1638630581953 0.5539045030332878 17
1638630604636 0.5558874844541175 18
1638630627532 0.5594791323290687 19
1638630650326 0.5582900308158601 20
1638630673040 0.5635948784081545 21
1638630695817 0.5670762651924723 22
1638630718590 0.5687880329529628 23
1638630741395 0.5720002108165353 24
1638630764273 0.5763863113818488 25
1638630786969 0.5746161195752802 26
1638630809711 0.5777541217641522 27
1638630832359 0.582572388559511 28
1638630855072 0.5785316773292374 29
1638630877819 0.5820901036675478 30
1638630900593 0.5859475237667974 31
1638630923434 0.5847750330219093 32
1638630946329 0.5887787996277247 33
1638630969098 0.5918317433042284 34
1638630991898 0.5906569614283758 35
1638631014597 0.593075259384327 36
1638631037277 0.5923733114507953 37
1638631059970 0.5935813148632887 38
1638631082836 0.5960517362551656 39
1638631105449 0.5951868310123338 40
1638631128165 0.598541345937698 41
1638631150908 0.6012666566129645 42
1638631173864 0.5998601832235658 43
1638631197482 0.6031239117403229 44
1638631220940 0.6019170538933117 45
1638631243646 0.6034670099099845 46
1638631266525 0.6029620999965051 47
1638631289123 0.6022401045982061 48
1638631311842 0.6076197006135284 49
1638631334612 0.6069695897245517 50
1638631357295 0.6077245202681208 51
