1638630218103 2.418255084329632 1
1638630240971 2.0736194698236243 2
1638630263691 1.9433260649330288 3
1638630286361 1.8587316922773418 4
1638630309258 1.8006547596992215 5
1638630332078 1.7448539560438203 6
1638630354864 1.7143987786702544 7
1638630377622 1.6806083265873815 8
1638630400279 1.6460622877972522 9
1638630423003 1.6272618135288253 10
1638630445839 1.6003616274671122 11
1638630468461 1.584674651146176 12
1638630491073 1.5611882415554363 13
1638630513795 1.5440889472531074 14
1638630536508 1.5428292176097267 15
1638630559292 1.5183784250720689 16
1638630581949 1.5159665285963468 17
1638630604632 1.4989717441165 18
1638630627528 1.4873785079885986 19
1638630650322 1.476398292132093 20
1638630673036 1.4665845970911062 21
1638630695814 1.4561079085274342 22
1638630718586 1.4487284483264422 23
1638630741392 1.4405925185708395 24
1638630764269 1.426080654574398 25
1638630786965 1.4168484049650574 26
1638630809707 1.4141909200639324 27
1638630832356 1.395246648714031 28
1638630855066 1.4004109314097442 29
1638630877815 1.3997475358732332 30
1638630900589 1.379947268149605 31
1638630923430 1.3793131402864534 32
1638630946325 1.3729622782759747 33
1638630969094 1.3698786185310978 34
1638630991894 1.3684085897921596 35
1638631014593 1.3617265418618463 36
1638631037275 1.3548308376769245 37
1638631059966 1.3450607711753517 38
1638631082833 1.3464017322974007 39
1638631105444 1.353985417849137 40
1638631128161 1.3368689458738399 41
1638631150904 1.334408769100276 42
1638631173861 1.3274550537105212 43
1638631197478 1.324391842462718 44
1638631220936 1.3291844912210091 45
1638631243642 1.31875914760161 46
1638631266522 1.3204760859870082 47
1638631289119 1.3155733003461985 48
1638631311839 1.3106681027063194 49
1638631334608 1.301488341627067 50
1638631357292 1.3079889712066881 51
