1638517543755 0.30160124928965043 0
1638517574643 0.34894823325162677 0
1638517605260 0.35756339734000275 0
1638517635329 0.3617541487850895 0
1638517665176 0.3705499487116158 0
1638517696399 0.37051964850094965 0
1638517726017 0.3740397165620947 0
1638517754823 0.3744779041736801 0
1638517785085 0.375576286577765 0
1638517816780 0.3773150521895789 0
1638517850302 0.3805029833936967 0
1638517881988 0.37900603671983485 0
1638517913539 0.38369790694617123 0
1638517946483 0.3795094862838701 0
1638517978029 0.3845177605662043 0
1638518009274 0.38187931193781727 0
1638518039484 0.38339781836967246 0
1638518070863 0.38214676952086435 0
1638518102763 0.38507656627307735 0
1638518134390 0.38505850268926234 0
1638518167279 0.3846599384539389 0
1638518199017 0.3821590061477154 0
1638518228600 0.3869551789898404 0
1638518258107 0.38457078592625654 0
1638518287663 0.3861638774761575 0
1638518317319 0.38556311764469037 0
1638518348798 0.38480794329863754 0
1638518378370 0.3878775871557996 0
1638518408153 0.3859255547123837 0
1638518438102 0.3848994266091055 0
1638518467817 0.38599780904764386 0
1638518497302 0.38545007457622904 0
1638518527264 0.3840591786224718 0
1638518558566 0.38373869567937247 0
1638518588247 0.3852671079552932 0
1638518617848 0.38702393715092215 0
1638518647353 0.38749592111289843 0
1638518677301 0.3863917117173961 0
1638518706981 0.3852968254530361 0
1638518738040 0.38805472681977154 0
1638518768954 0.3883041208190036 0
1638518799213 0.38895557522773744 0
1638518831790 0.385832906010523 0
1638518862204 0.38910241468104323 0
1638518891733 0.38469723101296177 0
1638518921248 0.3886327615018525 0
1638518953239 0.39125664272060284 0
1638518983947 0.3865700167727608 0
1638519013810 0.389231190550534 0
1638519043875 0.38637714430775943 0
1638519076201 0.3889241096256785 0
1638519107317 0.38792944712445915 0
1638519138384 0.38892644040846414 0
1638519170787 0.38866888866948257 0
1638519204757 0.3885016548495761 0
1638519237271 0.39029810738701354 0
1638519267008 0.3880692942294082 0
1638519298731 0.3873082929263914 0
1638519330486 0.38604966901630333 0
1638519361085 0.3878705948074429 0
1638519391787 0.386574678338332 0
1638519421945 0.3905993613549051 0
1638519451875 0.38993217414514175 0
1638519483259 0.38790788736646575 0
1638519515594 0.388240024223493 0
1638519546118 0.38691439025663915 0
1638519574730 0.3885267107817479 0
1638519603548 0.38982845420782275 0
1638519632944 0.3907811625844481 0
1638519662988 0.3877872692367245 0
1638519693304 0.3865228183696725 0
1638519726086 0.3895924622268346 0
1638519757246 0.38989604697751173 0
1638519788122 0.3851814516017892 0
1638519820767 0.3872284635298514 0
1638519851307 0.386969746399477 0
1638519881999 0.3893395720534242 0
1638519912387 0.3871865094052574 0
1638519944615 0.3880401594101349 0
1638519974703 0.3876415951748115 0
1638520005496 0.38742366677763834 0
1638520035996 0.39037036172227363 0
1638520066101 0.38811008296260946 0
1638520096024 0.3866661616487999 0
1638520126028 0.3891000838982577 0
1638520156489 0.38587136396093863 0
1638520186984 0.3875116539139279 0
1638520219902 0.3887073466198982 0
1638520250607 0.38597624928965046 0
1638520284602 0.3894275591897138 0
1638520320116 0.3885506013225269 0
1638520353547 0.38863858845881644 0
1638520384510 0.3917903924953042 0
1638520415601 0.3913131642892871 0
1638520448386 0.3887580411971649 0
1638520478560 0.39092683664636113 0
1638520509317 0.39147690190056156 0
1638520539449 0.3885220492161767 0
1638520569221 0.3886543212598459 0
1638520600268 0.38872424481232043 0
