1638517543749 2.5711862728933452 0
1638517574637 2.361851089993168 0
1638517605254 2.320491475036113 0
1638517635323 2.2945785896548037 0
1638517665171 2.265862155223928 0
1638517696393 2.2652722469115543 0
1638517726012 2.244922280367605 0
1638517754818 2.236376621809059 0
1638517785079 2.2297483746818916 0
1638517816774 2.2275479038164994 0
1638517850296 2.2166920309695755 0
1638517881982 2.215621826427949 0
1638517913533 2.209992090172957 0
1638517946476 2.21542498538678 0
1638517978023 2.205582380725726 0
1638518009268 2.208523675138706 0
1638518039478 2.203650586929603 0
1638518070858 2.1980272408458403 0
1638518102757 2.1940955105717657 0
1638518134382 2.1969313064570333 0
1638518167271 2.1955274270513234 0
1638518199011 2.198841320280505 0
1638518228594 2.196622621722863 0
1638518258101 2.1977647837642422 0
1638518287656 2.192801061777505 0
1638518317313 2.1942110233154164 0
1638518348793 2.189513763253761 0
1638518378362 2.184027923097848 0
1638518408147 2.187791964456498 0
1638518438096 2.1896945080178924 0
1638518467811 2.18384479075869 0
1638518497296 2.187370207872211 0
1638518527258 2.1830373382246027 0
1638518558560 2.189604298728493 0
1638518588240 2.1909106827218325 0
1638518617839 2.190867484461568 0
1638518647347 2.1832760436109946 0
1638518677295 2.187391472915977 0
1638518706975 2.1837094222122273 0
1638518738034 2.1908172124086347 0
1638518768947 2.188155726457225 0
1638518799207 2.1845524469689637 0
1638518831784 2.187840998923649 0
1638518862198 2.184945890046662 0
1638518891727 2.1891518897680338 0
1638518921242 2.1831110385711923 0
1638518953233 2.1791739996086283 0
1638518983941 2.1840870544455244 0
1638519013804 2.180930285722091 0
1638519043868 2.1871147806546576 0
1638519076195 2.188585977555011 0
1638519107311 2.180818688809793 0
1638519138378 2.1835211754008967 0
1638519170781 2.1840572242422067 0
1638519204751 2.1813197725949545 0
1638519237265 2.179307115009671 0
1638519267002 2.1772727732444905 0
1638519298725 2.1792547474139825 0
1638519330481 2.180141495747347 0
1638519361079 2.1846047026358613 0
1638519391781 2.181257944581764 0
1638519421938 2.1755984513507562 0
1638519451869 2.1801391267258516 0
1638519483253 2.176462854088416 0
1638519515588 2.1736863484742797 0
1638519546111 2.1848186142438966 0
1638519574725 2.1717273841194764 0
1638519603542 2.173827219106789 0
1638519632938 2.172687737263076 0
1638519662982 2.1813290853814253 0
1638519693298 2.1795949733679385 0
1638519726080 2.176841614967179 0
1638519757240 2.1758868606137907 0
1638519788114 2.1805404446795422 0
1638519820761 2.18298636285259 0
1638519851301 2.1773609874809874 0
1638519881993 2.1786099464417124 0
1638519912380 2.1781437889250257 0
1638519944608 2.1816729063248865 0
1638519974697 2.179028577791379 0
1638520005489 2.1781837976974074 0
1638520035989 2.178814674575633 0
1638520066094 2.1905367441838584 0
1638520096018 2.190488725228944 0
1638520126022 2.1799387217089414 0
1638520156482 2.180018822924505 0
1638520186978 2.179884459382142 0
1638520219892 2.1783985235729553 0
1638520250601 2.1806034422998954 0
1638520284596 2.1756374991747864 0
1638520320109 2.1785422346129004 0
1638520353541 2.17444143033802 0
1638520384504 2.1730169066658513 0
1638520415594 2.1803844016414513 0
1638520448380 2.1827694513469953 0
1638520478553 2.1721618088200927 0
1638520509311 2.1858436227015003 0
1638520539442 2.1732624667921594 0
1638520569215 2.1781417125541807 0
1638520600261 2.1814607187796122 0
