1638991330017 0.18386397537468485 1
1638991368778 0.22116294516993396 2
1638991407569 0.23998869567937245 3
1638991446675 0.24995629777109002 4
1638991485284 0.25646035333589323 5
1638991524108 0.26219874603210847 6
1638991562827 0.2667362017438591 7
1638991601398 0.27063793584790535 8
1638991640184 0.2729017107817479 9
1638991679099 0.2763821555010845 10
1638991717486 0.2814953151121305 11
1638991756008 0.2834619149651831 12
1638991794957 0.28505617190647675 13
1638991833861 0.2866795636670438 14
1638991872848 0.2858655370039747 15
1638991911429 0.29164005686781996 16
1638991950082 0.29103405275785854 17
1638991988982 0.29181311764469037 18
1638992027703 0.29565483404032755 19
1638992067564 0.295481190550534 20
1638992106648 0.29677594162825216 21
1638992145574 0.29963348404520507 22
1638992184624 0.29908808035657586 23
1638992223833 0.3023902200205478 24
1638992262851 0.30299331063480045 25
1638992301739 0.2993567033310157 26
1638992340524 0.3036820576025571 27
1638992379374 0.3053742075242059 28
1638992418827 0.3047081857058354 29
1638992457572 0.305428398275651 30
1638992496400 0.3079404018173328 31
1638992535054 0.3135966343342224 32
1638992573873 0.3082317499411589 33
1638992612643 0.30962381128630884 34
1638992651658 0.3086122505926672 35
1638992690680 0.31072102833345444 36
1638992729936 0.31339560412947154 37
1638992768986 0.3135074818065401 38
1638992807401 0.31023680774462703 39
1638992846103 0.3140808549230498 40
1638992885601 0.3162146885960088 41
1638992924447 0.3159268366463612 42
1638992963868 0.3170298806504707 43
1638993003308 0.31656022747128 44
1638993042180 0.3163545357009579 45
1638993081321 0.31712136396093865 46
1638993119687 0.3192709304349271 47
1638993158387 0.32208185716171484 48
1638993197342 0.32118333953653455 49
1638993236415 0.31970678722927337 50
1638993274965 0.32116294516993393 51
1638993313392 0.32159297500731626 52
1638993351441 0.3232594862838701 53
1638993389338 0.32286325283133227 54
1638993427264 0.32432873390313516 55
1638993465351 0.3264048806504707 56
1638993503016 0.3259725200303028 57
1638993540510 0.32578722262658133 58
1638993578612 0.32619918888014865 59
1638993616962 0.32962136396093866 60
1638993655102 0.3262615373713433 61
1638993692632 0.3253199002301762 62
1638993730568 0.3291289856323617 63
1638993768186 0.3273657467668456 64
1638993805814 0.32656628751341316 65
1638993843719 0.3276681661261299 66
1638993881727 0.32886269344070745 67
1638993919436 0.3330149869353785 68
1638993957411 0.3312989464729508 69
1638993995393 0.3313846028264547 70
1638994033316 0.3333966529782797 71
1638994070765 0.3295386211031434 72
1638994108929 0.3307040135984476 73
1638994146787 0.3287397445281806 74
1638994184548 0.33251270276273603 75
1638994222450 0.33012131735079553 76
1638994260521 0.33249230839613547 77
1638994298305 0.3323850922846381 78
1638994336435 0.3323215784020507 79
1638994374631 0.3320395534093669 80
1638994413126 0.3355392271039114 81
1638994451683 0.33480561251585195 82
1638994490263 0.3327597659791825 83
1638994530652 0.3323600363524663 84
1638994570187 0.3373863742186155 85
1638994609025 0.3349466250121938 86
1638994648032 0.336824072337564 87
1638994687114 0.33268984242670796 88
1638994726085 0.33511269344070743 89
1638994765140 0.3348009509502808 90
1638994804527 0.33882446857546106 91
1638994845630 0.34056673036145335 92
1638994884380 0.3361603813019791 93
1638994923143 0.3405678957528462 94
1638994962027 0.33908435109722823 95
1638995000859 0.3398768180023039 96
1638995039648 0.3366818944498294 97
1638995078588 0.3389433386008863 98
1638995117825 0.3387976645389733 99
1638995156433 0.33810775217982386 100
1638995195059 0.3396274240030719 101
1638995234001 0.33807279040358656 102
1638995272738 0.3415794564464878 103
1638995311691 0.34017515850894026 104
1638995350637 0.34235502515914124 105
1638995389441 0.3426440425001817 106
1638995428125 0.3447021256637022 107
1638995466844 0.3423369615753262 108
1638995505858 0.3431113648965869 109
1638995544844 0.3423369615753262 110
1638995583875 0.342587520965951 111
1638995622626 0.34230433058187454 112
1638995661733 0.3461110852012744 113
1638995700574 0.3445226552169447 114
1638995740029 0.342423783320223 115
1638995779141 0.3430187161947261 116
1638995818083 0.3415025405456565 117
1638995856638 0.3453658166992871 118
1638995895603 0.3465096494365979 119
1638995934563 0.34563910123929814 120
1638995975495 0.34108940890069644 121
1638996017344 0.34463103671983486 122
1638996059823 0.343688234187275 123
1638996104037 0.346667560125362 124
1638996143041 0.34526442754475367 125
1638996183087 0.3495804586851528 126
1638996222294 0.34516944806010735 127
1638996261290 0.3471552768883678 128
1638996300385 0.34909157653075423 129
1638996339497 0.34717916742914673 130
1638996378681 0.3433642550699973 131
1638996417433 0.34916616164879993 132
1638996456150 0.34738893808657034 133
1638996495154 0.34746352320461604 134
1638996534564 0.3500973102674319 135
1638996573475 0.34862075796017067 136
1638996612366 0.34946974639947703 137
1638996651441 0.35131456273139555 138
1638996690435 0.348715737444817 139
1638996729120 0.3495816240765456 140
1638996767787 0.34959619148618226 141
1638996806261 0.3491492634563777 142
1638996844990 0.3470346587586265 143
1638996883444 0.3495926953120039 144
1638996921875 0.3496841786224718 145
1638996960549 0.35071613368271404 146
1638996997812 0.35158085492304986 147
1638997035797 0.3494709117908698 148
1638997074059 0.35277421684623456 149
1638997111682 0.35196019018316543 150
1638997149552 0.3521250932202863 151
1638997187090 0.351840737444817 152
1638997224660 0.3515651221220204 153
1638997262637 0.35113276150185246 154
1638997300512 0.3510593417751996 155
1638997338336 0.35198408072394444 156
1638997375818 0.35400953289401327 157
1638997413350 0.351244639178921 158
1638997451241 0.354564842426708 159
1638997489528 0.3522561998725626 160
1638997527518 0.3500635138825874 161
1638997565427 0.3531873484911946 162
1638997603545 0.35337614206909446 163
1638997641441 0.35078838801797413 164
1638997679275 0.35431428303608314 165
1638997717096 0.35218394553730253 166
1638997754726 0.35192639379832097 167
1638997792390 0.3523960469775117 168
1638997830261 0.352680402752981 169
1638997868389 0.35445995709799616 170
1638997905930 0.35081227855875313 171
1638997943531 0.35272934926038535 172
1638997981629 0.35485152898496286 173
1638998019961 0.35178071973640795 174
1638998058303 0.3540806218378806 175
1638998097108 0.3547938420593394 176
1638998136411 0.3529571834671704 177
1638998175489 0.35442149914758053 178
1638998214425 0.35454561345150015 179
1638998253591 0.35456367703531516 180
1638998292276 0.35525475478585744 181
1638998330884 0.3549033889536224 182
1638998369834 0.35226610571662814 183
1638998409349 0.3563880990006331 184
1638998450815 0.35617017060345996 185
1638998489612 0.3541493799989623 186
1638998528393 0.3586472123689045 187
1638998567301 0.35355561251585194 188
1638998606199 0.35647958231110105 189
1638998645179 0.35404332927885773 190
1638998684072 0.35601342530608865 191
1638998723377 0.3549814702458464 192
1638998761947 0.3527946112128352 193
1638998800575 0.36197324257365543 194
1638998839816 0.3572347566571539 195
