1638991330013 3.109905583140524 1
1638991368774 2.91611691290616 2
1638991407565 2.83508548949536 3
1638991446671 2.76746409896061 4
1638991485280 2.7454505909645617 5
1638991524103 2.7116875831340552 6
1638991562823 2.69622399342998 7
1638991601393 2.6788652282001024 8
1638991640180 2.6588544006912342 9
1638991679094 2.653201092476076 10
1638991717480 2.6444939264585035 11
1638991756004 2.632358272392772 12
1638991794952 2.6258073057735265 13
1638991833857 2.6191155733898355 14
1638991872844 2.6208613649446164 15
1638991911425 2.6010122928562156 16
1638991950078 2.5966761045807396 17
1638991988976 2.5892558415388924 18
1638992027698 2.5837239501149947 19
1638992067558 2.57301516739484 20
1638992106644 2.5743118333284767 21
1638992145569 2.5714579155649058 22
1638992184620 2.558939196724867 23
1638992223829 2.559749146791283 24
1638992262847 2.5508002513708163 25
1638992301734 2.5560665685949924 26
1638992340519 2.548806859443432 27
1638992379369 2.545875819994126 28
1638992418823 2.535466944977224 29
1638992457567 2.533698381145089 30
1638992496396 2.5299075516877547 31
1638992535050 2.5181525490928505 32
1638992573869 2.523453394418243 33
1638992612639 2.5196469379884383 34
1638992651654 2.5124075098217156 35
1638992690675 2.5166346859711743 36
1638992729931 2.5100524520288827 37
1638992768982 2.5063192970522987 38
1638992807395 2.5093598596889453 39
1638992846100 2.5030346613167995 40
1638992885597 2.4948688510665384 41
1638992924442 2.4908862992869865 42
1638992963864 2.4906412581769 43
1638993003304 2.4963062336002424 44
1638993042176 2.488966578437679 45
1638993081317 2.489693075675412 46
1638993119683 2.481080389157276 47
1638993158382 2.476262213814202 48
1638993197338 2.475337784279153 49
1638993236409 2.475786746462889 50
1638993274960 2.479497159061938 51
1638993313387 2.4717568175284677 52
1638993351437 2.467919183841362 53
1638993389333 2.459640585486543 54
1638993427259 2.4613816227394842 55
1638993465346 2.4537686658564466 56
1638993503011 2.4554928807172716 57
1638993540505 2.4617809189767095 58
1638993578608 2.4562148536298984 59
1638993616957 2.4448987251743484 60
1638993655098 2.4561751551545976 61
1638993692627 2.4568756847578785 62
1638993730564 2.441379352676588 63
1638993768182 2.4539073849990425 64
1638993805809 2.4478154536396923 65
1638993843715 2.4477134302932084 66
1638993881723 2.445344139305069 67
1638993919432 2.4422941535432803 68
1638993957407 2.4338772514695655 69
1638993995389 2.440902530381032 70
1638994033312 2.4324642485919155 71
1638994070761 2.434413236120098 72
1638994108924 2.430096307323039 73
1638994146782 2.431024537270148 74
1638994184544 2.4308994876519003 75
1638994222446 2.431438677603155 76
1638994260517 2.4273348722241215 77
1638994298301 2.43184313160987 78
1638994336430 2.4272124517495506 79
1638994374626 2.4159684675356536 80
1638994413122 2.4135363043353255 81
1638994451679 2.4243983797561897 82
1638994490258 2.4286865887822984 83
1638994530648 2.41802260417498 84
1638994570181 2.414310947758955 85
1638994609020 2.408089799198567 86
1638994648027 2.42182505576992 87
1638994687109 2.416773247176275 88
1638994726079 2.4142776140991815 89
1638994765136 2.4209548328644495 90
1638994804522 2.4074005780228735 91
1638994845626 2.412980985143329 92
1638994884376 2.4133586138775045 93
1638994923139 2.401033261270158 94
1638994962023 2.397300284082981 95
1638995000855 2.403788425822979 96
1638995039643 2.4139031367848616 97
1638995078583 2.4067023761755886 98
1638995117821 2.407312156778014 99
1638995156428 2.403455410946184 100
1638995195054 2.4059977740518534 101
1638995233997 2.400944670541995 102
1638995272731 2.407876367142525 103
1638995311688 2.3917565080485947 104
1638995350632 2.3929091348716502 105
1638995389435 2.3935384051856268 106
1638995428120 2.3914416045333473 107
1638995466839 2.3959251952515634 108
1638995505853 2.3937539650241724 109
1638995544840 2.399655623807174 110
1638995583870 2.394007153222068 111
1638995622621 2.3932505609337302 112
1638995661727 2.380468884754093 113
1638995700570 2.3852334862698927 114
1638995740023 2.3910070541401556 115
1638995779136 2.3807607281246175 116
1638995818079 2.3951997039465764 117
1638995856634 2.3748567532249387 118
1638995895598 2.388291013349192 119
1638995934556 2.3768721708456 120
1638995975490 2.3849388270374923 121
1638996017339 2.3804487378131816 122
1638996059818 2.3792515532781295 123
1638996104031 2.3773921379967273 124
1638996143037 2.3810242970994224 125
1638996183083 2.372793848770053 126
1638996222289 2.3700859738251197 127
1638996261285 2.378314135280469 128
1638996300380 2.3673205477154524 129
1638996339492 2.377128186458505 130
1638996378677 2.3801399024551966 131
1638996417427 2.3738798323278667 132
1638996456145 2.370526726152326 133
1638996495150 2.3780099543140665 134
1638996534559 2.3641663241675563 135
1638996573470 2.3651423681598276 136
1638996612360 2.3699394559318123 137
1638996651437 2.360567295870401 138
1638996690430 2.3625543700006237 139
1638996729115 2.362814917639287 140
1638996767782 2.357502237440916 141
1638996806254 2.3683335643847396 142
1638996844986 2.3664961371595132 143
1638996883439 2.360262999894086 144
1638996921871 2.3594102008762423 145
1638996960545 2.3669015729671026 146
1638996997807 2.3512846616859484 147
1638997035793 2.3640813807088743 148
1638997074054 2.350257892306305 149
1638997111677 2.360858074641877 150
1638997149547 2.3575882831508297 151
1638997187085 2.3573373139237463 152
1638997224654 2.3535265293178567 153
1638997262631 2.3554013896389656 154
1638997300506 2.3550006322212433 155
1638997338332 2.3523788673860007 156
1638997375814 2.3504847111516582 157
1638997413346 2.3529009739998883 158
1638997451237 2.344415836905464 159
1638997489523 2.3525657211893702 160
1638997527513 2.3638276125316167 161
1638997565423 2.3455756738834985 162
1638997603541 2.350844259141598 163
1638997641436 2.3502734661628026 164
1638997679270 2.3543163631210025 165
1638997717091 2.3550952156256226 166
1638997754721 2.346624893595478 167
1638997792385 2.3440053564594594 168
1638997830256 2.3471884477971714 169
1638997868384 2.341480425997839 170
1638997905926 2.348583721085942 171
1638997943527 2.3472529819023884 172
1638997981624 2.351542324867892 173
1638998019957 2.357644016731028 174
1638998058298 2.3492589250358042 175
1638998097104 2.3484345730427454 176
1638998136406 2.3456047959413624 177
1638998175484 2.3438883082910236 178
1638998214421 2.3456275041011962 179
1638998253587 2.3372500361596784 180
1638998292271 2.331851926857334 181
1638998330880 2.3412920133057487 182
1638998369830 2.3583874405114487 183
1638998409345 2.343313220657898 184
1638998450810 2.3371085598581383 185
1638998489608 2.337508442112002 186
1638998528387 2.323517615065965 187
1638998567296 2.3392045251188995 188
1638998606195 2.329745643019562 189
1638998645174 2.3401107338457465 190
1638998684066 2.3367851016117545 191
1638998723372 2.3410373619450944 192
1638998761941 2.3417067964385496 193
1638998800569 2.3326570897810197 194
1638998839811 2.341550752506287 195
