1638485080589 0.3268914320220837 0
1638485106402 0.3976319224159153 0
1638485132731 0.4230642830360832 0
1638485158727 0.4405556591259951 0
1638485184550 0.4480654484274759 0
1638485210419 0.4555041487850895 0
1638485236432 0.46473230933178367 0
1638485262324 0.4681183572449436 0
1638485288148 0.46938513889478123 0
1638485314239 0.4716145347653097 0
1638485340053 0.47563280811199565 0
1638485366008 0.477491026462158 0
1638485391918 0.47997272979317374 0
1638485417803 0.47893611316736034 0
1638485443625 0.48206344395014594 0
1638485469480 0.4837037339031352 0
1638485495392 0.4817551976338976 0
1638485521380 0.48499207531096616 0
1638485547493 0.48580377122570323 0
1638485573931 0.48625303000383985 0
1638485600518 0.4882942149749381 0
1638485626808 0.4894333861466777 0
1638485652877 0.4888914786322269 0
1638485678717 0.49046067964134876 0
1638485704575 0.4877138495100716 0
1638485730578 0.489614021984828 0
1638485756463 0.4906990024395761 0
1638485782371 0.49072813722439584 0
1638485808163 0.492124860135117 0
1638485834061 0.49486702870082305 0
1638485859953 0.49394811670904215 0
1638485885766 0.49012096775749514 0
1638485911725 0.4932063443812332 0
1638485937550 0.4919057663465511 0
1638485963436 0.49368065912599507 0
1638485989313 0.4933619242872117 0
1638486015333 0.49521606375027255 0
1638486041137 0.49429015941013493 0
1638486066941 0.49477904156453345 0
1638486092858 0.4949643390027085 0
1638486118795 0.494402037121657 0
1638486144996 0.49593977252872 0
1638486170791 0.4927920473448803 0
1638486196641 0.49421907046626756 0
1638486222484 0.4967817685852161 0
1638486248369 0.49554120825894304 0
1638486274389 0.4936590993680017 0
1638486300213 0.4966069597040298 0
1638486326343 0.4984098219113543 0
1638486352615 0.49476097798071844 0
1638486378581 0.4973091086900303 0
1638486404492 0.49814352975415355 0
1638486430303 0.4973825284511368 0
1638486456193 0.4978679143969034 0
1638486482136 0.4964228276917011 0
1638486508105 0.49667338708232595 0
1638486534068 0.49717916742914675 0
1638486559879 0.4967310740079494 0
1638486585689 0.4985409285980842 0
1638486611570 0.4968406209366859 0
1638486637501 0.49919121761542523 0
1638486663423 0.494402037121657 0
1638486689239 0.49730794329863753 0
1638486715090 0.4992553141764823 0
1638486741009 0.49779566006164333 0
1638486766873 0.49808467740268375 0
1638486792830 0.5010674995494027 0
1638486818673 0.4988590807239444 0
1638486844508 0.49661803093948803 0
1638486870430 0.49786674900551064 0
1638486896285 0.4967071834671704 0
1638486922231 0.49760803187513625 0
1638486948104 0.49842672010377653 0
1638486974037 0.4958086658419901 0
1638486999982 0.4997511887136911 0
1638487025904 0.4974128286273493 0
1638487051849 0.4972764777310322 0
1638487077720 0.4964263238658795 0
1638487103863 0.49893016966781173 0
1638487129776 0.49747284637021194 0
1638487155693 0.49842672010377653 0
1638487181568 0.498356796551302 0
1638487207462 0.49889753867436004 0
1638487233832 0.49758239323004133 0
1638487260303 0.4996754381697991 0
1638487286246 0.49684178629362513 0
1638487312051 0.49678060319382333 0
1638487338015 0.4993572860094853 0
1638487363908 0.5000402060547317 0
1638487389738 0.5030364301852408 0
1638487415733 0.5011700540608753 0
1638487441705 0.4988386863573438 0
1638487467737 0.4989132714753895 0
1638487493679 0.4991119708973548 0
1638487519876 0.4976872785587531 0
1638487545767 0.5011397538846628 0
1638487571616 0.5000221424709166 0
1638487597567 0.4968347939452684 0
1638487623512 0.5002884346281173 0
1638487649572 0.5006666044968401 0
