1638485080584 2.4460249577631785 0
1638485106396 2.1337436247503687 0
1638485132725 2.032895133895532 0
1638485158722 1.9650882645203354 0
1638485184544 1.9186283966193869 0
1638485210414 1.8892388624473317 0
1638485236426 1.8629926523575457 0
1638485262318 1.843329140373668 0
1638485288142 1.8419278418802114 0
1638485314233 1.8293479309707392 0
1638485340048 1.814604025516927 0
1638485366002 1.8031107173309107 0
1638485391913 1.7959743030076387 0
1638485417797 1.7936060338555793 0
1638485443619 1.7892705603273475 0
1638485469474 1.784305335110327 0
1638485495386 1.781232977112971 0
1638485521375 1.7730660628877732 0
1638485547487 1.7758131943263205 0
1638485573925 1.770941448678794 0
1638485600510 1.7639370761446926 0
1638485626803 1.7601946362280942 0
1638485652871 1.7543426262752124 0
1638485678711 1.7544819644326268 0
1638485704569 1.7569016355370803 0
1638485730572 1.750982989957125 0
1638485756457 1.7477303243940423 0
1638485782365 1.7507833729061422 0
1638485808157 1.7417867329661578 0
1638485834055 1.7423155834103126 0
1638485859948 1.7438199727752908 0
1638485885760 1.750771840254687 0
1638485911719 1.7438149035202117 0
1638485937544 1.7455738078145864 0
1638485963430 1.7455811239925108 0
1638485989305 1.7439351172687403 0
1638486015328 1.737067654654824 0
1638486041131 1.7338289137675365 0
1638486066935 1.7372201347212315 0
1638486092852 1.7318406573372178 0
1638486118790 1.7309711071248965 0
1638486144991 1.7351936163837558 0
1638486170786 1.7356731685024478 0
1638486196635 1.7396693876452536 0
1638486222479 1.7300353686171381 0
1638486248364 1.7326386608625757 0
1638486274383 1.7378718955815835 0
1638486300207 1.7254728880041836 0
1638486326338 1.7264867607343677 0
1638486352609 1.728810769950949 0
1638486378575 1.732957242964871 0
1638486404486 1.730974932233341 0
1638486430298 1.7307626836538241 0
1638486456187 1.7246199914160134 0
1638486482130 1.7297109273223488 0
1638486508099 1.7315633185141184 0
1638486534062 1.7232820757414415 0
1638486559873 1.7307672248152195 0
1638486585683 1.7203463457049006 0
1638486611565 1.7250976989871132 0
1638486637495 1.7220612315742725 0
1638486663417 1.729721485261667 0
1638486689233 1.7227985431115178 0
1638486715084 1.7193033041117958 0
1638486741003 1.7259661984891397 0
1638486766867 1.7234067790263978 0
1638486792824 1.714899045812971 0
1638486818667 1.72343744420539 0
1638486844502 1.7280150793900424 0
1638486870424 1.721925061181747 0
1638486896279 1.7265091621414888 0
1638486922225 1.7240154435771777 0
1638486948098 1.719457116798311 0
1638486974031 1.7201424195463206 0
1638486999976 1.7215056714621695 0
1638487025898 1.7261010024812466 0
1638487051843 1.7244644863204264 0
1638487077714 1.7209329826577098 0
1638487103857 1.7189098136882275 0
1638487129770 1.7305687721140988 0
1638487155687 1.7209920770168297 0
1638487181562 1.7171273055666882 0
1638487207456 1.7221450712346977 0
1638487233826 1.7232717784952816 0
1638487260297 1.7202705164812542 0
1638487286240 1.7210640477740289 0
1638487312045 1.726493573010809 0
1638487338009 1.728095284523477 0
1638487363902 1.715506273616773 0
1638487389732 1.7103703262266117 0
1638487415727 1.7132140966352627 0
1638487441699 1.7148746960610461 0
1638487467731 1.7177404927748892 0
1638487493673 1.7172874627484025 0
1638487519870 1.7169258607246811 0
1638487545761 1.711925038174938 0
1638487571610 1.7083605296319575 0
1638487597561 1.720414514024687 0
1638487623506 1.7152130468005415 0
1638487649566 1.7121367460324768 0
