1638822014377 0.2853067312971016 1
1638822183797 0.4896862763200881 2
1638822357094 0.5779618450327416 3
1638822509977 0.6213756293230663 4
1638822672488 0.6500774985793009 5
1638822900678 0.6731458605369391 6
1638823177338 0.6882073932300413 7
1638823336322 0.7004218720976327 8
1638823560251 0.7128123251688963 9
1638823798960 0.7254411010383871 10
1638824013482 0.7300834420788495 11
1638824246953 0.7353218813852078 12
1638824482626 0.741428538140534 13
1638824674380 0.7458733451159704 14
1638824852451 0.7545619289309993 15
1638825025672 0.7549593277749299 16
1638825203517 0.7509468813852078 17
1638825387655 0.7605759369844646 18
1638825618734 0.762886910286942 19
1638825792496 0.7616428537864905 20
1638825966127 0.7650498787791743 21
1638826151064 0.7672256666111809 22
1638826357359 0.7676364674733553 23
1638826533113 0.7693944620259235 24
1638826719779 0.770459048114071 25
1638827048721 0.7757528435288137 26
1638828141731 0.7788947417556895 27
1638828679090 0.7780626514743518 28
1638829002687 0.776924645694005 29
1638829320209 0.7812971984030883 30
1638829635866 0.7821030673264079 31
1638829952498 0.7754614954049877 32
1638830267405 0.7814405416477622 33
1638830585464 0.785451822680545 34
1638830896521 0.7828687301949958 35
1638831207040 0.781910194826953 36
1638831519793 0.7844233637600276 37
1638831833172 0.7857950307730306 38
1638832146844 0.7904373718134929 39
1638832458865 0.7919727764377704 40
1638832771389 0.7900219093857473 41
1638833085940 0.7914634998823177 42
1638833400878 0.7856831530615085 43
1638833714377 0.7856528528852958 44
1638834027971 0.7903109267267877 45
1638834339421 0.794194597247019 46
1638834650848 0.7912129404916929 47
1638834963508 0.7900434691092871 48
1638835276418 0.7968691730085825 49
1638835587449 0.7951373997451253 50
1638835899846 0.7927530066815415 51
1638836213179 0.7948955808071732 52
1638836525543 0.7948786826492045 53
1638836838752 0.7967211681983375 54
1638837154822 0.7921376794748912 55
1638837470373 0.7971931521603137 56
1638837784364 0.7940197883313791 57
1638838099130 0.794378729224894 58
1638838413213 0.7953821322132397 59
1638838726221 0.7959986248457362 60
1638839037069 0.7984710050456096 61
1638839349118 0.7985793865484998 62
1638839660779 0.7959287012932618 63
1638839973060 0.7998316007542472 64
1638840287403 0.7960359173703055 65
1638840601490 0.7991597520133663 66
1638840915821 0.8000990583717479 67
1638841230581 0.797808479366964 68
1638841544666 0.802879684853416 69
1638841857343 0.8006456274517699 70
1638842169114 0.8006939912117974 71
1638842482478 0.796091273547597 72
1638842796354 0.8038766781718745 73
1638843108404 0.7982204456549848 74
1638843421746 0.8016245571175062 75
1638843736737 0.8048859080827305 76
1638844051364 0.8019980654551114 77
1638844365530 0.8043102041834351 78
1638844681755 0.8041103393356235 79
1638844996482 0.7988357728616351 80
1638845305080 0.7991078920447069 81
1638845599522 0.784475223728687 82
1638845892031 0.8044040182422352 83
1638846184204 0.8029950587046629 84
1638846478044 0.8047279973939664 85
1638846772350 0.8073821787889293 86
1638847066284 0.8040380850003633 87
1638847363614 0.8034419867344674 88
1638847657158 0.8031360712354583 89
1638847952500 0.8012778528852958 90
1638848249004 0.8071665812089953 91
1638848545875 0.7656133460860721 92
1638848842478 0.7939801650240242 93
1638849138452 0.8045316287547867 94
1638849434068 0.8073979115899588 95
