1638822014370 2.629614875660801 1
1638822183790 1.7383081369596354 2
1638822357089 1.4090314891472064 3
1638822509971 1.260864440768713 4
1638822672482 1.1624077459641422 5
1638822900671 1.0760115690625363 6
1638823177332 1.0245043536029068 7
1638823336317 0.9828011977592209 8
1638823560246 0.9436373242107734 9
1638823798954 0.9008190992400922 10
1638824013476 0.884908682102862 11
1638824246946 0.8693692974962633 12
1638824482620 0.8425892428155383 13
1638824674375 0.832891280016726 14
1638824852444 0.8082938875817123 15
1638825025666 0.802445218805993 16
1638825203510 0.8174187179870233 17
1638825387652 0.7810986117876503 18
1638825618729 0.7748238180838438 19
1638825792490 0.7839789617091133 20
1638825966121 0.7668552086475556 21
1638826151058 0.7640690888441855 22
1638826357352 0.7577526369653674 23
1638826533107 0.7528149305159243 24
1638826719773 0.7538958603923346 25
1638827048714 0.7364168653506129 26
1638828141725 0.7185929096613187 27
1638828679082 0.7309605982766995 28
1638829002682 0.7376605767955263 29
1638829320202 0.7210088483269457 30
1638829635860 0.7184708435255717 31
1638829952493 0.7408985846319762 32
1638830267400 0.715104390458028 33
1638830585404 0.7047252345134054 34
1638830896517 0.7192746722444181 35
1638831207034 0.7172344040503948 36
1638831519787 0.709930053769746 37
1638831833167 0.7089285704844889 38
1638832146838 0.690862635725468 39
1638832458860 0.6843124062400872 40
1638832771383 0.6930310726650564 41
1638833085935 0.6907384466174316 42
1638833400874 0.7081686462456589 43
1638833714371 0.7057048399470329 44
1638834027966 0.6882268715435256 45
1638834339416 0.6755825156670134 46
1638834650843 0.6895836874752957 47
1638834963503 0.6955489947674691 48
1638835276414 0.6691539377522998 49
1638835587443 0.6684751681412359 50
1638835899840 0.6870919998993678 51
1638836213173 0.6733861468017424 52
1638836525537 0.6786379462964583 53
1638836838746 0.6724900501455721 54
1638837154815 0.6858407292190296 55
1638837470367 0.669163215147873 56
1638837784359 0.6829173804328139 57
1638838099124 0.6823894993443826 58
1638838413207 0.6841092971198754 59
1638838726215 0.674288187712021 60
1638839037065 0.6587071482733212 61
1638839349113 0.6660738700476055 62
1638839660774 0.6758375104220415 63
1638839973054 0.6607049475433334 64
1638840287397 0.6725886811251617 65
1638840601484 0.661037498925525 66
1638840915815 0.6612586653518925 67
1638841230572 0.674133086019446 68
1638841544660 0.6603532445651175 69
1638841857337 0.6636887615335532 70
1638842169108 0.6641913043715137 71
1638842482471 0.6793173400799891 72
1638842796348 0.655936844505937 73
1638843108399 0.6674662803182382 74
1638843421742 0.6562172029544003 75
1638843736732 0.650772511566933 76
1638844051359 0.658308854928657 77
1638844365523 0.6523426259417445 78
1638844681751 0.6557165408715349 79
1638844996475 0.6659499642111093 80
1638845305075 0.6675487164657973 81
1638845599515 0.7408547665930769 82
1638845892026 0.6556079596324683 83
1638846184200 0.659571717918961 84
1638846478039 0.6518088507848785 85
1638846772346 0.6445996652707054 86
1638847066279 0.6465077308603367 87
1638847363607 0.6502372310326937 88
1638847657153 0.6571494677040646 89
1638847952495 0.6634407734738186 90
1638848248997 0.6402585587550307 91
1638848545870 0.8017358688658588 92
1638848842468 0.6908913250800265 93
1638849138445 0.6487067917500459 94
1638849434063 0.6442682157217469 95
