1638474689400 0.14679050903788882 0
1638474715341 0.16456507551187724 0
1638474741773 0.16750943967372695 0
1638474768037 0.17056218533846684 0
1638474793921 0.16906174249042666 0
1638474819577 0.17227822580089458 0
1638474845203 0.17352694386691717 0
1638474870875 0.17215527688836776 0
1638474896574 0.17457230094540327 0
1638474922398 0.17504078873320122 0
1638474948065 0.17520569177032205 0
1638474973707 0.17653773540706305 0
1638474999339 0.17421452544328106 0
1638475025030 0.17506118309980184 0
1638475050806 0.17424715643673275 0
1638475076426 0.17498543259036334 0
1638475102085 0.17335854465561795 0
1638475127721 0.17257073931611341 0
1638475153417 0.17421452544328106 0
1638475179042 0.17392201192806223 0
1638475204683 0.17319597240128268 0
1638475230497 0.1731656721906166 0
1638475256144 0.17251538317327555 0
1638475281909 0.17229395860192404 0
1638475307641 0.1736895161212524 0
1638475333354 0.17330901546974403 0
1638475358979 0.16917828173306637 0
1638475384693 0.1705452871460446 0
1638475410442 0.16964327334668594 0
1638475436212 0.17384626141862372 0
1638475461823 0.17256840853332783 0
1638475487447 0.17053071973640796 0
1638475513153 0.16747564328888248 0
1638475538861 0.16946030672575008 0
1638475564593 0.16954829386203965 0
1638475590224 0.16996142550699972 0
1638475615860 0.16707591366216626 0
1638475641648 0.16917012399331682 0
1638475667298 0.1684656442245307 0
1638475693103 0.1693315308562593 0
1638475718736 0.17023587543840354 0
1638475744401 0.1709053934309524 0
1638475770115 0.17162677139216076 0
1638475795783 0.16823780998329207 0
1638475821751 0.1710318385176576 0
1638475847487 0.16902911149697497 0
1638475873177 0.17085469885368568 0
1638475898869 0.16969513331534544 0
1638475924524 0.16794063490250208 0
1638475950272 0.17135698302632812 0
1638475975864 0.16962287898008535 0
1638476001481 0.1703430915499009 0
1638476027169 0.16971319689916048 0
1638476052888 0.17281896792395265 0
1638476078581 0.17097415159203413 0
1638476104209 0.1716652293425764 0
1638476129964 0.17097531698342694 0
1638476155599 0.17364989277944398 0
1638476181317 0.17273447696184147 0
1638476206900 0.17139427558535097 0
1638476232629 0.17386898656800992 0
1638476258290 0.1735968674193917 0
1638476283960 0.1744435250759125 0
1638476309662 0.17374370687269752 0
1638476335264 0.1725322813656978 0
1638476360901 0.17121480513859347 0
1638476386616 0.1735630710345472 0
1638476412422 0.1751491702360914 0
1638476438489 0.1723697091113625 0
1638476464394 0.17341623158124142 0
1638476490073 0.17364989277944398 0
1638476515722 0.17372098172331132 0
1638476541474 0.17424715643673275 0
1638476567211 0.17447207718226262 0
1638476592855 0.1761933619231847 0
1638476618537 0.1755081111296064 0
1638476644351 0.17432057616338564 0
1638476670137 0.17354267666794662 0
1638476695859 0.17589210795529317 0
1638476721593 0.17238544191239197 0
1638476747286 0.1756992354902918 0
1638476773019 0.17538865839125792 0
1638476798772 0.17401116445574458 0
1638476825323 0.17627260860680155 0
1638476852399 0.1767410963945995 0
1638476879198 0.17468301323107902 0
1638476907126 0.17309225246396368 0
1638476933782 0.17388471936903938 0
1638476959446 0.17529717508078999 0
1638476986928 0.17485782211226536 0
1638477014179 0.17659425694129371 0
1638477040151 0.17643168468695844 0
1638477065969 0.17596552768194607 0
1638477091597 0.17706740629466283 0
1638477117273 0.1746119242872117 0
1638477142969 0.17596552768194607 0
1638477168705 0.1760162222592128 0
1638477194417 0.1750757505094385 0
1638477220043 0.1760884765944729 0
1638477245695 0.17686287991573355 0
