1638474689394 3.364820469228782 0
1638474715335 3.2421546209588263 0
1638474741767 3.2302785499291513 0
1638474768031 3.2280389478878146 0
1638474793916 3.2245242704524584 0
1638474819571 3.207524219727851 0
1638474845197 3.193109022447805 0
1638474870870 3.207312330861886 0
1638474896568 3.1968796362142506 0
1638474922392 3.192476254893484 0
1638474948059 3.1892041944053933 0
1638474973699 3.1845049685162548 0
1638474999333 3.190215869605501 0
1638475025025 3.19015842544407 0
1638475050800 3.1846065000810575 0
1638475076421 3.1937548120425125 0
1638475102080 3.200490354201014 0
1638475127715 3.2024760760242623 0
1638475153412 3.1911113347198268 0
1638475179036 3.207009357010469 0
1638475204674 3.18838548849024 0
1638475230492 3.197112002037395 0
1638475256138 3.201309873192168 0
1638475281904 3.2130292436656718 0
1638475307636 3.192485652361277 0
1638475333348 3.20140745776103 0
1638475358974 3.2061093293177128 0
1638475384687 3.21243493150225 0
1638475410436 3.205463570999634 0
1638475436206 3.200552046071667 0
1638475461817 3.19165110282547 0
1638475487441 3.2120335342408883 0
1638475513147 3.20742657389851 0
1638475538855 3.214197295994546 0
1638475564587 3.207547722817381 0
1638475590219 3.2008994162575006 0
1638475615854 3.2084226014330683 0
1638475641642 3.2115029864751024 0
1638475667292 3.2065770005103356 0
1638475693097 3.199592158677493 0
1638475718730 3.2022615032977573 0
1638475744395 3.1951109114742455 0
1638475770109 3.2042027470140195 0
1638475795777 3.2229416521603875 0
1638475821745 3.2106912783415327 0
1638475847479 3.206552351458568 0
1638475873171 3.2035940241589147 0
1638475898863 3.2053293746588194 0
1638475924518 3.2114420397406143 0
1638475950266 3.2126997302027416 0
1638475975858 3.2203867424983814 0
1638476001475 3.2110949731509586 0
1638476027163 3.204901113841428 0
1638476052882 3.202723164103094 0
1638476078575 3.206205383098556 0
1638476104203 3.2134254711002264 0
1638476129958 3.2056265012328535 0
1638476155593 3.206378331273072 0
1638476181311 3.2092692122462085 0
1638476206894 3.1983762221831324 0
1638476232623 3.203082943349618 0
1638476258284 3.1987319809392405 0
1638476283954 3.195273894306326 0
1638476309656 3.1986857889910643 0
1638476335259 3.189638029206725 0
1638476360896 3.2035541638363245 0
1638476386611 3.20013570595484 0
1638476412416 3.1890431728178945 0
1638476438483 3.1975159204156802 0
1638476464388 3.1998356567914197 0
1638476490067 3.210581065202446 0
1638476515716 3.203871008506371 0
1638476541468 3.2028117106699323 0
1638476567205 3.197302007850989 0
1638476592849 3.1848223091178025 0
1638476618531 3.1979533779150766 0
1638476644345 3.197511642701062 0
1638476670131 3.208698929712511 0
1638476695853 3.2089163837542833 0
1638476721587 3.2035787191099168 0
1638476747280 3.194425219041762 0
1638476773013 3.1929514813440827 0
1638476798766 3.197869953553383 0
1638476825316 3.190621350884431 0
1638476852393 3.1987724809029348 0
1638476879191 3.1940478448514265 0
1638476907120 3.208572917859597 0
1638476933776 3.188684701988504 0
1638476959440 3.2020510693121476 0
1638476986923 3.202718135633032 0
1638477014173 3.191058604305763 0
1638477040145 3.18361246530041 0
1638477065963 3.185562410245504 0
1638477091591 3.202905740911492 0
1638477117267 3.1949019913024683 0
1638477142963 3.186854862875072 0
1638477168699 3.181465495657679 0
1638477194411 3.1968733536711675 0
1638477220038 3.201070105076948 0
1638477245689 3.1932380526807065 0
