1637600344122 0.859375 0
1637600344587 0.8515625 100
1637600345142 0.859375 200
1637600345911 0.8515625 300
1637600346642 0.8515625 400
1637600346952 0.90625 468
1637600347020 0.859375 0
1637600347480 0.875 200
1637600347924 0.84375 400
1637600348364 0.90625 600
1637600348820 0.8515625 800
1637600349125 0.8645833333333334 936
1637600349201 0.828125 0
1637600349695 0.8515625 300
1637600350181 0.8828125 600
1637600350690 0.9296875 900
1637600351267 0.8515625 1200
1637600351625 0.90625 1404
1637600351699 0.84375 0
1637600352123 0.8515625 400
1637600352539 0.8828125 800
1637600352974 0.890625 1200
1637600353388 0.875 1600
1637600353673 0.8854166666666666 1872
1637600353738 0.8515625 0
1637600354180 0.828125 500
1637600354599 0.8828125 1000
1637600355020 0.9140625 1500
1637600355440 0.8671875 2000
1637600355738 0.875 2340
1637600355809 0.84375 0
1637600356241 0.9140625 600
1637600356665 0.859375 1200
1637600357094 0.8984375 1800
1637600357511 0.8359375 2400
1637600357798 0.8854166666666666 2808
1637600357867 0.8671875 0
1637600358283 0.8671875 700
1637600358706 0.890625 1400
1637600359133 0.90625 2100
1637600359557 0.8671875 2800
1637600359858 0.9166666666666666 3276
1637600359923 0.84375 0
1637600360323 0.890625 800
1637600360733 0.875 1600
1637600361148 0.90625 2400
1637600361554 0.8359375 3200
1637600361842 0.9375 3744
1637600361909 0.859375 0
1637600362348 0.8828125 900
1637600362797 0.921875 1800
1637600363355 0.9140625 2700
1637600363831 0.8828125 3600
1637600364135 0.8958333333333334 4212
1637600364200 0.8515625 0
1637600364641 0.890625 1000
1637600365084 0.875 2000
1637600365519 0.8828125 3000
1637600365974 0.8671875 4000
1637600366277 0.9166666666666666 4680
