1637600344127 0.0008100445524503849 0
1637600344592 0.0008067769261799112 100
1637600345148 0.0008035355564483729 200
1637600345919 0.0008003201280512204 300
1637600346648 0.0007971303308090873 400
1637600346957 0.0007949757532395262 468
1637600347026 0.000794944155173099 0
1637600347486 0.0007917969832534938 200
1637600347930 0.0007886746322804528 400
1637600348370 0.0007855768097725756 600
1637600348826 0.0007825032278258148 800
1637600349131 0.0007804268935107504 936
1637600349207 0.0007803964413922272 0
1637600349701 0.000777363184079602 300
1637600350188 0.0007743534148985598 600
1637600350695 0.0007713668620796051 900
1637600351274 0.0007684032580298141 1200
1637600351632 0.0007664009809932557 1404
1637600351705 0.0007663716135954323 0
1637600352129 0.0007634461961293278 400
1637600352545 0.0007605430277217933 800
1637600352980 0.0007576618555138842 1200
1637600353394 0.000754802430463826 1600
1637600353679 0.0007528703180877094 1872
1637600353743 0.0007528419784687194 0
1637600354187 0.0007500187504687618 500
1637600354605 0.0007472166180975864 1000
1637600355026 0.0007444353457902182 1500
1637600355446 0.0007416747014759327 2000
1637600355744 0.0007398091292446548 2340
1637600355816 0.000739781764379508 0
1637600356246 0.0007370554634236227 600
1637600356671 0.0007343491830365339 1200
1637600357099 0.0007316627034936893 1800
1637600357516 0.0007289958082741023 2400
1637600357804 0.0007271933970839545 2808
1637600357872 0.0007271669575334498 0
1637600358289 0.0007245326764237067 700
1637600358712 0.000721917412647993 1400
1637600359139 0.0007193209610128039 2100
1637600359562 0.0007167431192660551 2800
1637600359864 0.0007150007150007149 3276
1637600359928 0.0007149751546133773 0
1637600360329 0.0007124283119011149 800
1637600360739 0.0007098995492137863 1600
1637600361154 0.0007073886747073179 2400
1637600361559 0.0007048954992422374 3200
1637600361848 0.0007032101543546289 3744
1637600361915 0.0007031854299978904 0
1637600362354 0.0007007217433956976 900
1637600362803 0.0006982752601075343 1800
1637600363363 0.0006958458005705936 2700
1637600363837 0.000693433187712364 3600
1637600364142 0.0006918021445866483 4212
1637600364206 0.0006917782159039813 0
1637600364647 0.0006893936782599704 1000
1637600365089 0.0006870255229981793 2000
1637600365525 0.0006846735818698435 3000
1637600365980 0.0006823376889222477 4000
1637600366283 0.0006807583648184077 4680
