1637600344125 0.4195601713042917 0
1637600344589 0.396765515440969 100
1637600345145 0.4609368800261741 200
1637600345915 0.37200475005706607 300
1637600346645 0.4351649794819783 400
1637600346955 0.2881522692783346 468
1637600347024 0.3510796846213151 0
1637600347483 0.3398448106448352 200
1637600347927 0.4064602450727992 400
1637600348367 0.29732646157535875 600
1637600348824 0.34972415163460036 800
1637600349128 0.30148392782483524 936
1637600349204 0.4016276305059511 0
1637600349698 0.3445976462999375 300
1637600350184 0.41272259754646407 600
1637600350692 0.31795616509533675 900
1637600351270 0.3334918425603347 1200
1637600351628 0.2436364754173027 1404
1637600351701 0.4207914840543017 0
1637600352126 0.3297065599786861 400
1637600352542 0.4404080619216446 800
1637600352977 0.3139024122544387 1200
1637600353391 0.35924749168559644 1600
1637600353676 0.30682832879801264 1872
1637600353740 0.40968485230876645 0
1637600354185 0.3557472210405569 500
1637600354602 0.3906150671857421 1000
1637600355023 0.2677990369206514 1500
1637600355443 0.3795807101212375 2000
1637600355741 0.3330391736344072 2340
1637600355813 0.4201050817363922 0
1637600356244 0.2594431999565303 600
1637600356668 0.36783813322306347 1200
1637600357097 0.3043802270099008 1800
1637600357514 0.3850017812195269 2400
1637600357801 0.2671020444270531 2808
1637600357870 0.4277043074175926 0
1637600358286 0.3292923830049128 700
1637600358709 0.3059949487934616 1400
1637600359136 0.2806909768893402 2100
1637600359560 0.3279564217499493 2800
1637600359861 0.23175862184587004 3276
1637600359926 0.370982540237351 0
1637600360326 0.28410846913287374 800
1637600360736 0.3483777558283871 1600
1637600361151 0.2564464390827661 2400
1637600361557 0.34906336806984817 3200
1637600361846 0.24830914033688775 3744
1637600361912 0.40272184090550567 0
1637600362351 0.2960527887875901 900
1637600362800 0.33175605978922507 1800
1637600363359 0.275651873904217 2700
1637600363834 0.30594632106485836 3600
1637600364139 0.28322182900673215 4212
1637600364203 0.3731678618965552 0
1637600364644 0.2874650720708443 1000
1637600365087 0.380093829623401 2000
1637600365522 0.29255264572944906 3000
1637600365977 0.3470714305632736 4000
1637600366280 0.2722356055337716 4680
