1638532508814 0.08479162781913846 0
1638532537412 0.08858731120308011 0
1638532565729 0.08775988252176714 0
1638532594163 0.08744580924855491 0
1638532622643 0.08831519205446188 0
1638532651101 0.0881549505829122 0
1638532679458 0.08806463266383706 0
1638532707914 0.0892014730527911 0
1638532736353 0.08855234942684284 0
1638532764789 0.08753845795041564 0
1638532793301 0.08811765802388935 0
1638532821694 0.08811649263249656 0
1638532850094 0.08779367890661162 0
1638532878538 0.08849466250121937 0
1638532906903 0.0860753076613983 0
1638532935373 0.08773715737238096 0
1638532963657 0.08874988345741537 0
1638532992074 0.08837054819729975 0
1638533020488 0.08746387283236995 0
1638533048945 0.08766723381990642 0
1638533078869 0.08892935390417286 0
1638533108030 0.08860420939550234 0
1638533137988 0.08845970072498212 0
1638533167701 0.08893285007835124 0
1638533199213 0.08898354465561795 0
1638533229751 0.08871375628978531 0
1638533259343 0.08872832369942196 0
1638533289725 0.08847776430879714 0
1638533319937 0.08840434458214423 0
1638533351711 0.08795625116094688 0
1638533382219 0.08893168468695845 0
1638533411542 0.08871259089839252 0
1638533441667 0.08755652153423067 0
1638533472058 0.08858614581168732 0
1638533501564 0.0882610013030168 0
1638533530907 0.08866306171251859 0
1638533561660 0.08834898843930636 0
1638533591935 0.08723254241695294 0
1638533622207 0.08849699328400495 0
1638533652418 0.08694585585869806 0
1638533682402 0.08947242681001652 0
1638533713511 0.08680018179678503 0
1638533743414 0.08921837124521333 0
1638533776560 0.08748892876454172 0
1638533808491 0.08930635838150289 0
1638533838877 0.08876445086705202 0
1638533868942 0.08875104884880816 0
1638533902340 0.08907269718330031 0
1638533937481 0.08762877586949078 0
1638533971879 0.08860304400410955 0
1638534004065 0.0897591133682714 0
1638534035050 0.08795741655233967 0
1638534066587 0.08867646373076246 0
1638534097072 0.08921953663660612 0
1638534127531 0.088387446389722 0
1638534157986 0.08728673316839802 0
1638534189324 0.08887399776133499 0
1638534220369 0.08811649263249656 0
1638534251003 0.08874988345741537 0
1638534281581 0.08831402666306909 0
1638534313017 0.0878816660429012 0
1638534346494 0.0892014730527911 0
1638534379545 0.08880523960025324 0
1638534410869 0.08771676300578035 0
1638534443723 0.08822603952677953 0
1638534475755 0.0883355864210625 0
1638534506242 0.08875104884880816 0
1638534539244 0.08793935296852465 0
1638534572068 0.08809726365728875 0
1638534605508 0.08773715737238096 0
1638534637921 0.08824410311059455 0
1638534671305 0.08788516221707957 0
1638534702825 0.08748776337314892 0
1638534734269 0.08904006618984862 0
1638534766897 0.08761304306846134 0
1638534798438 0.08809842904868154 0
1638534829906 0.08824293771920176 0
1638534861405 0.08918340946897606 0
1638534892694 0.08811532724110377 0
1638534923629 0.08844280253255987 0
1638534955015 0.08804656908002204 0
1638534986736 0.08836938280590696 0
1638535018209 0.08808269624765208 0
1638535049238 0.08851156069364162 0
1638535080224 0.08921837124521333 0
1638535111332 0.08789856423532343 0
1638535144831 0.0878805006515084 0
1638535176160 0.0881549505829122 0
1638535207096 0.08759264870186073 0
1638535238523 0.08838861178111479 0
1638535272267 0.08878601062504542 0
1638535304230 0.08906162594784202 0
1638535337832 0.08868112529633362 0
1638535369924 0.08893401546974403 0
1638535401637 0.08831635744585467 0
1638535435229 0.08824293771920176 0
1638535467007 0.08860304400410955 0
1638535498754 0.08891245571175063 0
1638535530177 0.0881549505829122 0
1638535563212 0.0881345562163116 0
