1638532508810 3.8737310243156644 0
1638532537408 3.5228091424589727 0
1638532565724 3.51878976234116 0
1638532594158 3.532300329627234 0
1638532622639 3.523666875143098 0
1638532651096 3.530840650351937 0
1638532679453 3.5324355056918586 0
1638532707909 3.538617433993069 0
1638532736348 3.540752265093386 0
1638532764785 3.52697248556424 0
1638532793296 3.5287904241444576 0
1638532821689 3.531709897993685 0
1638532850089 3.530242921934301 0
1638532878533 3.5333736096121053 0
1638532906898 3.5284631141713136 0
1638532935368 3.5306195233402415 0
1638532963653 3.5253727266280723 0
1638532992069 3.5403525433337033 0
1638533020484 3.526252400418956 0
1638533048940 3.536184430232262 0
1638533078865 3.5373858247489403 0
1638533108025 3.5296863728787207 0
1638533137983 3.5387827765084725 0
1638533167696 3.546206892660353 0
1638533199207 3.531516491456459 0
1638533229747 3.5405932295244207 0
1638533259338 3.544351384328913 0
1638533289721 3.5414214304690743 0
1638533319932 3.5327443201111364 0
1638533351707 3.5473044131142455 0
1638533382214 3.5327116910459844 0
1638533411536 3.531659575604254 0
1638533441662 3.5326344857088414 0
1638533472053 3.5374062225277263 0
1638533501560 3.530210648004109 0
1638533530902 3.5338213240186533 0
1638533561656 3.5257518572394226 0
1638533591930 3.544633327026108 0
1638533622202 3.538260400634612 0
1638533652414 3.537701223088209 0
1638533682398 3.5374758847848704 0
1638533713506 3.5380429094556134 0
1638533743409 3.538472129713115 0
1638533776555 3.539028426030436 0
1638533808486 3.533614687618227 0
1638533838872 3.5447244288823234 0
1638533868937 3.5381157302213504 0
1638533902335 3.5469988371533123 0
1638533937476 3.552142819286649 0
1638533971874 3.5316045459873697 0
1638534004059 3.539477360798643 0
1638534035042 3.54891654495639 0
1638534066582 3.5430035009805945 0
1638534097067 3.5353832454001566 0
1638534127526 3.5383347442722517 0
1638534157982 3.524228380747145 0
1638534189319 3.524056079160265 0
1638534220366 3.5413433605774776 0
1638534250998 3.5332017227012686 0
1638534281576 3.5299624206423963 0
1638534313012 3.5451847332308657 0
1638534346489 3.544297355085825 0
1638534379539 3.5274297406267627 0
1638534410864 3.544014129189302 0
1638534443718 3.5266715154812096 0
1638534475750 3.5347337086472583 0
1638534506236 3.5228929445706374 0
1638534539239 3.5455836143395745 0
1638534572061 3.5420513419474795 0
1638534605503 3.5314529876054666 0
1638534637916 3.541951665791766 0
1638534671300 3.5304181931720247 0
1638534702818 3.533694898032663 0
1638534734263 3.5369462090371813 0
1638534766892 3.5400935128226956 0
1638534798433 3.5314039440500804 0
1638534829901 3.5257927639932096 0
1638534861399 3.544013044246224 0
1638534892688 3.536962067615286 0
1638534923623 3.530473640804631 0
1638534955009 3.527762835151661 0
1638534986731 3.54356329468262 0
1638535018204 3.5401576776284056 0
1638535049233 3.5412049658900453 0
1638535080218 3.54022144092287 0
1638535111327 3.540291451864008 0
1638535144826 3.5461674236748393 0
1638535176155 3.5361139906099766 0
1638535207090 3.5398670543825306 0
1638535238517 3.532121141773872 0
1638535272262 3.542516414577109 0
1638535304226 3.5331927492347637 0
1638535337827 3.5422070049840095 0
1638535369918 3.543270229157783 0
1638535401631 3.5249899538925007 0
1638535435223 3.532254603850791 0
1638535467002 3.552035630530352 0
1638535498749 3.537491145775966 0
1638535530172 3.5297476520642097 0
1638535563207 3.5307984972904207 0
