1638632619221 0.14726701401191275 1
1638632642297 0.16576166648856486 2
1638632665443 0.1687564724759472 3
1638632688973 0.17351975192167468 4
1638632712991 0.17314028191029612 5
1638632738237 0.17447544357311368 6
1638632761585 0.17431420461203706 7
1638632785746 0.17752466412738618 8
1638632809972 0.17682157062837214 9
1638632833579 0.17911299672536982 10
1638632862813 0.17976310761434652 11
1638632887228 0.17969036393091253 12
1638632911623 0.18015947478541602 13
1638632935469 0.18046648750473115 14
1638632960126 0.18333528080727157 15
1638632984147 0.1805375128313383 16
1638633009138 0.18129759842818108 17
1638633036276 0.18019727860119272 18
1638633063286 0.17895061219881092 19
1638633088619 0.1803218593119749 20
1638633114738 0.1799973766502277 21
1638633138259 0.17924101416701257 22
1638633162824 0.1799083085898439 23
1638633188846 0.18167620926544792 24
1638633214321 0.18174666181791738 25
1638633239058 0.18542823692736393 26
1638633263926 0.18164041020647206 27
1638633288477 0.18532026696769524 28
1638633313390 0.18122485474474712 29
1638633338442 0.18140470921373808 30
1638633362013 0.18255858445071182 31
1638633386818 0.18355207990072064 32
1638633410416 0.18113492751025162 33
1638633434378 0.18194627736030494 34
1638633459872 0.18349795172520103 35
1638633484469 0.18192708906964947 36
1638633507756 0.1818380210092657 37
1638633531166 0.1839315499120992 38
1638633554471 0.1843276306917981 39
1638633577836 0.18331609250801265 40
1638633601782 0.1864013985126316 41
1638633626394 0.1842924044155634 42
1638633650452 0.1840764645134329 43
1638633674584 0.18266798636723336 44
1638633698186 0.1851395533245926 45
1638633721652 0.18423684428319095 46
1638633745032 0.1850670960325292 47
1638633768275 0.18052004289750964 48
1638633791690 0.18097139741821047 49
1638633814931 0.18477841242975782 50
