1638632619217 3.35447817633575 1
1638632642294 3.2229622944133114 2
1638632665440 3.19266255739059 3
1638632688969 3.1757000699729927 4
1638632712988 3.18035627222327 5
1638632738233 3.1734988871775847 6
1638632761581 3.170707304165424 7
1638632785743 3.1606693974349653 8
1638632809968 3.164991953345295 9
1638632833575 3.1541519439622863 10
1638632862808 3.153033090313569 11
1638632887224 3.150693901162949 12
1638632911619 3.1605150050646156 13
1638632935465 3.1521002708367467 14
1638632960121 3.1487266198086976 15
1638632984143 3.1402165491049305 16
1638633009134 3.1438991048723492 17
1638633036272 3.144465461076774 18
1638633063283 3.1529316814834134 19
1638633088615 3.1444003822342217 20
1638633114732 3.1466239680004633 21
1638633138256 3.140238807685897 22
1638633162820 3.14506962945348 23
1638633188842 3.138543868106608 24
1638633214317 3.137278322332693 25
1638633239054 3.131974771559962 26
1638633263922 3.133924757967766 27
1638633288472 3.1272733157013546 28
1638633313386 3.1396446433610294 29
1638633338437 3.1307560453135643 30
1638633362008 3.1363467978391837 31
1638633386814 3.1299300452281695 32
1638633410412 3.132387139423255 33
1638633434373 3.1221420946588045 34
1638633459868 3.131876424784404 35
1638633484465 3.1271048599730333 36
1638633507750 3.1299932579634313 37
1638633531161 3.1246874701823417 38
1638633554467 3.1189265525141217 39
1638633577832 3.1130570401581505 40
1638633601778 3.1097454533754973 41
1638633626390 3.1228080897657056 42
1638633650447 3.109132401582673 43
1638633674580 3.1126796727772152 44
1638633698182 3.1087113091514738 45
1638633721649 3.109015932887222 46
1638633745028 3.1080459725208716 47
1638633768272 3.109035754839172 48
1638633791686 3.116892533582526 49
1638633814927 3.110979849615576 50
