1638627665347 0.3973085409155068 1
1638627686556 0.506811844765727 2
1638627707575 0.5626724082933563 3
1638627728630 0.5958544118437425 4
1638627752705 0.6234612133156069 5
1638627776989 0.643414749008954 6
1638627802491 0.6611160943607259 7
1638627829830 0.675658817241704 8
1638627858696 0.6876552247422947 9
1638627884748 0.7029740711970913 10
1638627910651 0.7109856139567378 11
1638627936597 0.7176270551687025 12
1638627962388 0.7268832595739299 13
1638627988069 0.7362460019819731 14
1638628013693 0.7427239131018967 15
1638628039439 0.7469811370686625 16
1638628065105 0.7567992434765946 17
1638628091047 0.7571217213987478 18
1638628117020 0.7639072180207277 19
1638628142730 0.7673144291647588 20
1638628168446 0.7699329154458388 21
1638628194165 0.774858006635384 22
1638628219968 0.7817165333321684 23
1638628245891 0.7811176867050056 24
1638628271668 0.7827793357691644 25
1638628297417 0.7908266775877867 26
1638628323104 0.7906826221777715 27
1638628348849 0.7923963946778559 28
1638628374646 0.7923245101685337 29
1638628400350 0.7952823715314579 30
1638628426169 0.8021764108958476 31
1638628452025 0.8020509709937468 32
1638628476010 0.80589378506427 33
1638628502248 0.8050789985177699 34
1638628528025 0.8089430056185425 35
1638628556245 0.8098783634138438 36
1638628583127 0.8102403634827903 37
1638628610746 0.8103494790079412 38
1638628638563 0.8108901879803964 39
1638628665145 0.8142833658784422 40
1638628692031 0.8170619455551165 41
1638628718105 0.8204545506704212 42
1638628743899 0.8169900610457942 43
1638628767263 0.8188289870566089 44
1638628789529 0.8173320136499735 45
1638628810934 0.8204869130329502 46
1638628832320 0.8213541094067466 47
1638628853245 0.823880090930996 48
1638628874058 0.8228178612767412 49
1638628900232 0.8209583150184182 50
