1638627665344 2.1702469939363733 1
1638627686553 1.698336641126393 2
1638627707571 1.480582864764209 3
1638627728627 1.350516317425129 4
1638627752700 1.244688269024003 5
1638627776984 1.1652225841290402 6
1638627802487 1.1017040346989575 7
1638627829826 1.0444607254803797 8
1638627858692 0.9986650538268576 9
1638627884743 0.9548988372806416 10
1638627910647 0.9235695348252179 11
1638627936593 0.8901332893142813 12
1638627962384 0.8562771193018385 13
1638627988066 0.8308882897327302 14
1638628013689 0.8124262404022838 15
1638628039435 0.7944212006825262 16
1638628065100 0.7680059682844762 17
1638628091044 0.7517534973254726 18
1638628117017 0.73834605115393 19
1638628142726 0.7270431548796331 20
1638628168440 0.7123236364570044 21
1638628194161 0.6937921774988967 22
1638628219964 0.6778557980950835 23
1638628245886 0.6754978972834841 24
1638628271664 0.6666994300969309 25
1638628297412 0.6465401607392753 26
1638628323100 0.6493795443707818 27
1638628348844 0.6385833343419273 28
1638628374641 0.6388955649211037 29
1638628400346 0.6245444910362334 30
1638628426165 0.6113842819973926 31
1638628452021 0.6061353111187292 32
1638628476006 0.5984662127062912 33
1638628502244 0.6070229173644396 34
1638628528020 0.5908856425686612 35
1638628556241 0.5847041877077532 36
1638628583123 0.5825307593517198 37
1638628610742 0.5832779681348337 38
1638628638559 0.5799870403260388 39
1638628665142 0.5721501189524171 40
1638628692027 0.5615875644975757 41
1638628718101 0.5551436749574582 42
1638628743894 0.5613156612275205 43
1638628767259 0.556204576971573 44
1638628789526 0.5532183734052092 45
1638628810931 0.5531830654098602 46
1638628832316 0.547124194570401 47
1638628853242 0.5423116143180869 48
1638628874055 0.5442356876740587 49
1638628900227 0.5481420471166525 50
