1638629500206 0.2857142857142857 0
1638629568962 0.42857142857142855 1
1638629637582 0.4126984126984127 2
1638629706677 0.3333333333333333 3
1638629775531 0.3968253968253968 4
1638629844329 0.3968253968253968 5
1638629913011 0.49206349206349204 6
1638629981637 0.42857142857142855 7
1638630049654 0.3968253968253968 8
1638630112727 0.4444444444444444 9
1638630175748 0.38095238095238093 10
1638630239506 0.42857142857142855 11
1638630302552 0.36507936507936506 12
1638630365726 0.4444444444444444 13
1638630428742 0.49206349206349204 14
1638630491783 0.47619047619047616 15
1638630554860 0.49206349206349204 16
1638630618024 0.4126984126984127 17
1638630681199 0.4444444444444444 18
1638630744234 0.38095238095238093 19
1638630807467 0.4444444444444444 20
1638630870714 0.5555555555555556 21
1638630934326 0.4603174603174603 22
1638630997945 0.42857142857142855 23
1638631061126 0.4126984126984127 24
1638631124253 0.5873015873015873 25
1638631187587 0.5079365079365079 26
1638631252430 0.47619047619047616 27
1638631315497 0.47619047619047616 28
1638631378978 0.4126984126984127 29
1638631441897 0.47619047619047616 30
1638631504741 0.47619047619047616 31
1638631567805 0.4603174603174603 32
1638631641298 0.42857142857142855 33
1638631710787 0.5555555555555556 34
1638631782294 0.5238095238095238 35
1638631851470 0.5079365079365079 36
1638631920387 0.5396825396825397 37
1638631989102 0.5079365079365079 38
1638632058030 0.5079365079365079 39
1638632132699 0.4603174603174603 40
1638632198939 0.4126984126984127 41
1638632266953 0.5079365079365079 42
1638632331423 0.49206349206349204 43
1638632397104 0.3968253968253968 44
1638632462140 0.5238095238095238 45
1638632525766 0.4444444444444444 46
1638632589053 0.5238095238095238 47
1638632654188 0.5396825396825397 48
1638632719559 0.49206349206349204 49
1638632785850 0.47619047619047616 50
1638632855082 0.42857142857142855 51
1638632921512 0.5555555555555556 52
1638632987667 0.5079365079365079 53
1638633059952 0.5238095238095238 54
1638633128483 0.4603174603174603 55
1638633196594 0.4603174603174603 56
1638633264577 0.5396825396825397 57
1638633332303 0.5555555555555556 58
1638633398166 0.5396825396825397 59
1638633465472 0.4603174603174603 60
1638633530901 0.5555555555555556 61
1638633595853 0.5555555555555556 62
1638633661453 0.4603174603174603 63
1638633726490 0.5714285714285714 64
1638633791286 0.47619047619047616 65
1638633857311 0.5873015873015873 66
1638633922258 0.5396825396825397 67
1638633987130 0.5714285714285714 68
1638634052163 0.47619047619047616 69
1638634116050 0.5079365079365079 70
1638634179310 0.49206349206349204 71
1638634243156 0.49206349206349204 72
1638634306557 0.5714285714285714 73
1638634369824 0.6031746031746031 74
1638634433056 0.5079365079365079 75
1638634496458 0.5873015873015873 76
1638634560209 0.49206349206349204 77
1638634624208 0.5714285714285714 78
1638634687485 0.49206349206349204 79
1638634751015 0.5079365079365079 80
1638634815601 0.5396825396825397 81
1638634878974 0.5555555555555556 82
1638634942212 0.6190476190476191 83
1638635006554 0.5555555555555556 84
1638635069934 0.5873015873015873 85
1638635133754 0.5238095238095238 86
1638635197089 0.5079365079365079 87
1638635260439 0.5555555555555556 88
1638635323799 0.6349206349206349 89
1638635387187 0.5873015873015873 90
1638635450715 0.5555555555555556 91
1638635514089 0.5396825396825397 92
1638635577662 0.5079365079365079 93
1638635641137 0.5555555555555556 94
1638635704450 0.5396825396825397 95
1638635768020 0.49206349206349204 96
1638635831262 0.47619047619047616 97
1638635894577 0.5555555555555556 98
1638635958012 0.6507936507936508 99
1638636021633 0.4603174603174603 100
1638636085085 0.6031746031746031 101
1638636149811 0.5396825396825397 102
1638636213168 0.6031746031746031 103
1638636276465 0.5873015873015873 104
1638636339833 0.49206349206349204 105
1638636403203 0.5079365079365079 106
1638636466708 0.5396825396825397 107
1638636530099 0.5396825396825397 108
1638636593252 0.5396825396825397 109
1638636656767 0.5873015873015873 110
1638636719995 0.5396825396825397 111
1638636783398 0.5873015873015873 112
1638636846705 0.5714285714285714 113
1638636910031 0.5396825396825397 114
1638636973476 0.5396825396825397 115
1638637036896 0.6190476190476191 116
1638637100390 0.6190476190476191 117
1638637163689 0.5079365079365079 118
1638637227441 0.5555555555555556 119
1638637294888 0.4603174603174603 120
1638637361498 0.6190476190476191 121
1638637429762 0.5238095238095238 122
1638637494972 0.5555555555555556 123
