1638629500215 69.60794687271118 0
1638629568971 68.38572716712952 1
1638629637591 68.24858570098877 2
1638629706686 68.75223708152771 3
1638629775540 68.51285767555237 4
1638629844340 68.45849323272705 5
1638629913020 68.3363778591156 6
1638629981647 68.2755355834961 7
1638630049663 67.68106055259705 8
1638630112736 62.767197370529175 9
1638630175757 62.723315954208374 10
1638630239515 63.40449404716492 11
1638630302561 62.750749826431274 12
1638630365735 62.872426986694336 13
1638630428751 62.717838764190674 14
1638630491793 62.74426054954529 15
1638630554869 62.77769589424133 16
1638630618033 62.840003490448 17
1638630681209 62.872915744781494 18
1638630744251 62.72531032562256 19
1638630807476 62.9207878112793 20
1638630870723 62.944233655929565 21
1638630934335 63.30176877975464 22
1638630997954 63.305758476257324 23
1638631061135 62.86943292617798 24
1638631124262 62.82404613494873 25
1638631187597 63.03100037574768 26
1638631252439 64.53897142410278 27
1638631315507 62.77122116088867 28
1638631378988 63.168142557144165 29
1638631441906 62.61214542388916 30
1638631504750 62.530829668045044 31
1638631567815 62.751240968704224 32
1638631641308 73.18534636497498 33
1638631710798 69.13770151138306 34
1638631782304 71.15229225158691 35
1638631851479 68.82453513145447 36
1638631920397 68.57070231437683 37
1638631989112 68.37274265289307 38
1638632058041 68.56720232963562 39
1638632132708 74.31583404541016 40
1638632198949 65.92575478553772 41
1638632266962 67.70051860809326 42
1638632331433 64.15149736404419 43
1638632397113 65.37673044204712 44
1638632462149 64.71798300743103 45
1638632525776 63.312740087509155 46
1638632589064 62.984126567840576 47
1638632654198 64.81323719024658 48
1638632719569 65.0620789527893 49
1638632785861 65.9706346988678 50
1638632855097 68.90929126739502 51
1638632921522 66.10028767585754 52
1638632987677 65.82652997970581 53
1638633059964 71.95363903045654 54
1638633128493 68.1518030166626 55
1638633196604 67.8032615184784 56
1638633264587 67.6680965423584 57
1638633332314 67.4287371635437 58
1638633398176 65.52582359313965 59
1638633465483 66.98644781112671 60
1638633530911 65.06009292602539 61
1638633595862 64.61676526069641 62
1638633661463 65.29244756698608 63
1638633726500 64.72248005867004 64
1638633791296 64.48412251472473 65
1638633857321 65.6958794593811 66
1638633922268 64.63021779060364 67
1638633987139 64.55142903327942 68
1638634052173 64.7060329914093 69
1638634116059 63.568565368652344 70
1638634179320 62.94922137260437 71
1638634243165 63.5416362285614 72
1638634306567 63.08784890174866 73
1638634369833 62.959192991256714 74
1638634433066 62.89784860610962 75
1638634496468 63.098313093185425 76
1638634560219 63.45187544822693 77
1638634624220 63.67427968978882 78
1638634687494 62.93475031852722 79
1638634751025 63.23445963859558 80
1638634815611 64.2781777381897 81
1638634878984 63.07089376449585 82
1638634942222 62.91331672668457 83
1638635006564 64.03731298446655 84
1638635069944 63.079381465911865 85
1638635133764 63.48979187011719 86
1638635197099 63.03499221801758 87
1638635260449 63.0329954624176 88
1638635323810 63.041465282440186 89
1638635387197 63.079383850097656 90
1638635450725 63.21500086784363 91
1638635514099 63.06841325759888 92
1638635577672 63.260406494140625 93
1638635641147 63.17062711715698 94
1638635704460 62.96717023849487 95
1638635768030 63.27085256576538 96
1638635831273 62.93725037574768 97
1638635894587 63.01054835319519 98
1638635958022 63.1162805557251 99
1638636021645 63.306755781173706 100
1638636085096 63.13022804260254 101
1638636149822 64.40134048461914 102
1638636213178 63.029497146606445 103
1638636276475 62.9861216545105 104
1638636339843 63.05941724777222 105
1638636403213 63.05143880844116 106
1638636466718 63.18808889389038 107
1638636530109 63.0883584022522 108
1638636593262 62.84051275253296 109
1638636656778 63.210522413253784 110
1638636720005 62.918792486190796 111
1638636783409 63.0833535194397 112
1638636846717 62.99859809875488 113
1638636910041 63.0010826587677 114
1638636973487 63.12973666191101 115
1638637036906 63.117287158966064 116
1638637100402 63.17713785171509 117
1638637163699 62.98312997817993 118
1638637227451 63.431928634643555 119
1638637294901 67.14350032806396 120
1638637361511 66.24789309501648 121
1638637429772 67.90548157691956 122
1638637494983 64.88056969642639 123
