1638629500212 0.0009203865623561895 0
1638629568968 0.0008524422470377632 1
1638629637588 0.0007938398031277289 2
1638629706682 0.0007427764985515858 3
1638629775538 0.0006978854072161351 4
1638629844337 0.0006581112207963146 5
1638629913017 0.000622626237469647 6
1638629981643 0.0005907721391859161 7
1638630049660 0.0005620187714269657 8
1638630112733 0.0005359344016292407 9
1638630175754 0.0005121638924455825 10
1638630239512 0.0004904124368593987 11
1638630302558 0.00047043326904078653 12
1638630365732 0.00045201826153776616 13
1638630428748 0.00043499064770107437 14
1638630491789 0.0004191993292810731 15
1638630554866 0.00040451438048622626 16
1638630618030 0.00039082346504084106 17
1638630681206 0.00037802895701810764 18
1638630744248 0.0003660456092829166 19
1638630807473 0.0003547986517651233 20
1638630870720 0.00034422222987160513 21
1638630934332 0.0003342581141157202 22
1638630997951 0.0003248546275541695 23
1638631061133 0.0003159657493127745 24
1638631124259 0.00030755036137167463 25
1638631187594 0.00029957161259399056 26
1638631252436 0.00029199637924489735 27
1638631315504 0.00028479480534275055 28
1638631378985 0.00027793990939158953 29
1638631441903 0.00027140724657348346 30
1638631504747 0.00026517461748561426 31
1638631567812 0.00025922181610804363 32
1638631641305 0.0002535304109727962 33
1638631710795 0.0002480835545411695 34
1638631782301 0.00024286581663630848 35
1638631851477 0.0002378630384624533 36
1638631920394 0.00023306220430232828 37
1638631989109 0.00022845132844447492 38
1638632058038 0.0002240193552722955 39
1638632132705 0.00021975607076145482 40
1638632198946 0.00021565202389424424 41
1638632266959 0.00021169845671825053 42
1638632331430 0.00020788724195996093 43
1638632397110 0.0002042108272580612 44
1638632462146 0.00020066218521119694 45
1638632525773 0.00019723476854499911 46
1638632589060 0.00019392246979657536 47
1638632654194 0.00019071958499418303 48
1638632719565 0.00018762078087769 49
1638632785857 0.00018462106526354657 50
1638632855092 0.00018171576020788283 51
1638632921519 0.00017890047766427536 52
1638632987674 0.0001761710973697655 53
1638633059960 0.00017352374672473928 54
1638633128490 0.00017095478246003932 55
1638633196601 0.00016846077390879533 56
1638633264584 0.00016603848772145383 57
1638633332310 0.00016368487388080467 58
1638633398173 0.00016139705288981425 59
1638633465479 0.00015917230401910065 60
1638633530908 0.0001570080545131965 61
1638633595859 0.00015490186966556684 62
1638633661460 0.00015285144368188557 63
1638633726497 0.00015085459125948496 64
1638633791292 0.00014890923981833071 65
1638633857318 0.0001470134223254583 66
1638633922265 0.00014516527066064713 67
1638633987136 0.00014336300947629491 68
1638634052169 0.0001416049505090698 69
1638634116056 0.000139889487305029 70
1638634179317 0.00013821509032356153 71
1638634243162 0.0001365803023887895 72
1638634306564 0.00013498373445999757 73
1638634369830 0.00013342406169528613 74
1638634433063 0.00013190001978500296 75
1638634496465 0.00013041040153362633 76
1638634560216 0.00012895405367067714 77
1638634624216 0.00012752987387295472 78
1638634687491 0.00012613680798193722 79
1638634751022 0.00012477384740158465 80
1638634815608 0.00012344002666304576 81
1638634878981 0.000122134421143911 82
1638634942219 0.000120856144930689 83
1638635006561 0.00011960434881412287 84
1638635069941 0.00011837821840781295 85
1638635133761 0.00011717697238138761 86
1638635197096 0.00011599986080016705 87
1638635260446 0.00011484616356390614 88
1638635323806 0.00011371518893778641 89
1638635387194 0.00011260627216935982 90
1638635450722 0.00011151877418563415 91
1638635514096 0.00011045208036493367 92
1638635577668 0.00010940559937857619 93
1638635641144 0.00010837876209777932 94
1638635704457 0.00010737102056155043 95
1638635768027 0.00010638184700162765 96
1638635831269 0.000105410732920826 97
1638635894584 0.00010445718822140746 98
1638635958019 0.00010352074038033519 99
1638636021641 0.00010260093366849637 100
1638636085092 0.00010169732841118263 101
1638636149818 0.00010080950028730707 102
1638636213175 9.993703966501102e-05 103
1638636276472 9.9079550971475e-05 104
1638636339840 9.82366520948966e-05 105
1638636403210 9.740797381673665e-05 106
1638636466715 9.659315927246032e-05 107
1638636530106 9.579186343911947e-05 108
1638636593258 9.500375264822961e-05 109
1638636656775 9.422850412249705e-05 110
1638636720002 9.346580553504501e-05 111
1638636783406 9.271535458987363e-05 112
1638636846713 9.19768586223706e-05 113
1638636910038 9.125003421876284e-05 114
1638636973484 9.053460685346974e-05 115
1638637036903 8.983031054338354e-05 116
1638637100399 8.913688751816163e-05 117
1638637163696 8.845408790567256e-05 118
1638637227448 8.778166943178925e-05 119
1638637294897 8.711939713377184e-05 120
1638637361507 8.646704308652756e-05 121
1638637429769 8.582438614107812e-05 122
1638637494980 8.519121167460364e-05 123
