1638629500209 2.724025403223391 0
1638629568965 2.263516043221939 1
1638629637585 2.401399904226732 2
1638629706679 2.3256696599274203 3
1638629775534 2.469307114723269 4
1638629844333 2.432243390879483 5
1638629913014 2.3078309868237077 6
1638629981640 2.3220187953694116 7
1638630049657 2.2575122710943383 8
1638630112730 2.2311529594556863 9
1638630175751 2.3545096183256162 10
1638630239509 2.3132294736566235 11
1638630302555 2.10683715449167 12
1638630365729 2.3769397720413425 13
1638630428746 2.0616344323873492 14
1638630491786 1.9372157584448582 15
1638630554863 2.0559485046724255 16
1638630618027 2.1209918055543677 17
1638630681203 1.949575926513079 18
1638630744245 2.180845254409963 19
1638630807470 2.0284254438742817 20
1638630870717 2.1988314745112474 21
1638630934329 2.023998157939621 22
1638630997948 2.0587323258740216 23
1638631061130 2.034144616697766 24
1638631124256 1.780450681179076 25
1638631187591 1.8016921860801787 26
1638631252433 1.8786596428858915 27
1638631315501 1.7947867454887059 28
1638631378982 2.0473457364224275 29
1638631441900 1.7986046899906112 30
1638631504744 2.2159190677332807 31
1638631567809 2.038266276827301 32
1638631641301 1.9300691845767592 33
1638631710792 1.6604660829550828 34
1638631782298 1.6639551199426752 35
1638631851474 1.6857704585126565 36
1638631920391 1.823415684493152 37
1638631989106 1.730451613987416 38
1638632058034 1.9412191247333912 39
1638632132702 1.882771096876819 40
1638632198943 1.843574208090262 41
1638632266956 1.7055414149228623 42
1638632331427 1.920248825113044 43
1638632397107 1.8638055850495219 44
1638632462143 1.6768905213730705 45
1638632525769 1.8455418636358984 46
1638632589057 1.6373092499937378 47
1638632654191 1.7155745497301873 48
1638632719562 1.714366010141667 49
1638632785853 1.7666345522322773 50
1638632855088 1.9773883157003993 51
1638632921516 1.6958919330349924 52
1638632987671 1.7405910109364024 53
1638633059957 1.6365508041552177 54
1638633128487 1.7202350352389708 55
1638633196598 1.759581268806438 56
1638633264581 1.6783924295867325 57
1638633332307 1.613407460853321 58
1638633398170 1.6973852363225261 59
1638633465475 1.7972030011599776 60
1638633530905 1.5467179983812118 61
1638633595856 1.587588833186549 62
1638633661457 1.7644467948107259 63
1638633726494 1.6274938780298494 64
1638633791289 1.955895479694164 65
1638633857314 1.5853549546734034 66
1638633922262 1.4535034153675932 67
1638633987133 1.5129381521955245 68
1638634052166 1.805963957020654 69
1638634116053 1.8836438638361865 70
1638634179313 1.5229589345654921 71
1638634243159 1.679619583314169 72
1638634306560 1.6974356022510302 73
1638634369827 1.457133007686332 74
1638634433059 1.6891401556268615 75
1638634496462 1.6555564736626316 76
1638634560212 1.7146275174717647 77
1638634624212 1.4542630125826275 78
1638634687488 1.6049078336579978 79
1638634751018 1.6045575114753288 80
1638634815605 1.3970601516970322 81
1638634878977 1.4211111631934488 82
1638634942216 1.5536407789306894 83
1638635006558 1.7469724876889328 84
1638635069937 1.4542556711563839 85
1638635133757 1.5397919321708837 86
1638635197093 1.6792747620614523 87
1638635260442 1.825476556881156 88
1638635323803 1.6189478654696294 89
1638635387191 1.5331848882317154 90
1638635450719 1.6069359764079731 91
1638635514093 1.4583906524992454 92
1638635577665 1.6724616407869157 93
1638635641141 1.6245156110596928 94
1638635704454 1.581157428089822 95
1638635768023 1.681278201679403 96
1638635831266 1.7423948845809698 97
1638635894581 1.6569184484955466 98
1638635958016 1.5864761512494014 99
1638636021637 1.6991837849492224 100
1638636085089 1.3770870686744956 101
1638636149815 1.5051915482396925 102
1638636213171 1.2974936185432744 103
1638636276469 1.5770590897949925 104
1638636339836 1.5896196681382277 105
1638636403207 1.4678556815805042 106
1638636466712 1.6570819921071303 107
1638636530103 1.4624496365386397 108
1638636593256 1.552903523585668 109
1638636656771 1.6174154047731413 110
1638636719998 1.441113636319953 111
1638636783402 1.3893460109292066 112
1638636846708 1.4445835051584266 113
1638636910034 1.5350827534337728 114
1638636973480 1.6097969721987613 115
1638637036899 1.523699803467314 116
1638637100395 1.5455848329516186 117
1638637163693 1.5408188165113932 118
1638637227445 1.6204068761527792 119
1638637294893 1.6026832436359484 120
1638637361502 1.6246777775103747 121
1638637429766 1.7347483100652887 122
1638637494976 1.4000096022368826 123
