1638647590903 0.30158730158730157 0
1638647650394 0.4444444444444444 1
1638647710012 0.42857142857142855 2
1638647769718 0.4126984126984127 3
1638647829416 0.4444444444444444 4
1638647888989 0.5396825396825397 5
1638647948546 0.5396825396825397 6
1638648008180 0.5555555555555556 7
1638648068173 0.6031746031746031 8
1638648127942 0.5714285714285714 9
1638648187513 0.6190476190476191 10
1638648247170 0.5238095238095238 11
1638648306970 0.6031746031746031 12
1638648366707 0.5555555555555556 13
1638648426370 0.5714285714285714 14
1638648486001 0.6190476190476191 15
1638648545722 0.5555555555555556 16
1638648605330 0.6190476190476191 17
1638648665012 0.6825396825396826 18
1638648724807 0.6825396825396826 19
1638648784482 0.6507936507936508 20
1638648844059 0.7142857142857143 21
1638648903916 0.6825396825396826 22
1638648963792 0.6349206349206349 23
1638649023715 0.6507936507936508 24
1638649083361 0.6190476190476191 25
1638649142939 0.6507936507936508 26
1638649203300 0.6031746031746031 27
1638649263264 0.6984126984126984 28
1638649322897 0.6349206349206349 29
1638649382453 0.7301587301587301 30
1638649442127 0.7301587301587301 31
1638649501870 0.6190476190476191 32
1638649561606 0.7619047619047619 33
1638649621147 0.7142857142857143 34
1638649680783 0.6507936507936508 35
1638649740323 0.6507936507936508 36
1638649799881 0.6984126984126984 37
1638649859676 0.6825396825396826 38
1638649919204 0.6031746031746031 39
1638649978914 0.7619047619047619 40
1638650038625 0.7301587301587301 41
1638650098262 0.6507936507936508 42
1638650158158 0.7301587301587301 43
1638650217773 0.7619047619047619 44
1638650277382 0.8412698412698413 45
1638650336926 0.7777777777777778 46
1638650396560 0.746031746031746 47
1638650456277 0.746031746031746 48
1638650515908 0.7301587301587301 49
1638650576436 0.8095238095238095 50
1638650635684 0.7301587301587301 51
1638650694899 0.7301587301587301 52
1638650754263 0.7142857142857143 53
1638650813646 0.6825396825396826 54
1638650872850 0.7936507936507936 55
1638650932091 0.7777777777777778 56
1638650991303 0.6984126984126984 57
1638651052492 0.7936507936507936 58
1638651115766 0.7301587301587301 59
1638651176212 0.7301587301587301 60
1638651236183 0.873015873015873 61
1638651296226 0.6984126984126984 62
1638651356294 0.7301587301587301 63
1638651416329 0.746031746031746 64
1638651476269 0.7777777777777778 65
1638651536269 0.746031746031746 66
1638651596154 0.8412698412698413 67
1638651656326 0.7777777777777778 68
1638651716240 0.7936507936507936 69
1638651776153 0.8253968253968254 70
1638651836135 0.7301587301587301 71
1638651896072 0.8253968253968254 72
1638651956067 0.8412698412698413 73
1638652016035 0.8253968253968254 74
1638652076068 0.746031746031746 75
1638652136036 0.7301587301587301 76
1638652195941 0.7301587301587301 77
1638652255945 0.7777777777777778 78
1638652315848 0.8095238095238095 79
1638652375783 0.7777777777777778 80
1638652435715 0.7936507936507936 81
1638652495767 0.8253968253968254 82
1638652555939 0.8095238095238095 83
1638652616420 0.8095238095238095 84
1638652676461 0.8571428571428571 85
1638652736481 0.7619047619047619 86
1638652796862 0.7936507936507936 87
1638652857452 0.8095238095238095 88
1638652917462 0.7777777777777778 89
1638652977447 0.8253968253968254 90
1638653037484 0.7301587301587301 91
1638653097652 0.8095238095238095 92
1638653157764 0.7936507936507936 93
1638653217850 0.746031746031746 94
1638653277842 0.746031746031746 95
1638653337728 0.9365079365079365 96
1638653397671 0.8095238095238095 97
1638653457856 0.8253968253968254 98
1638653517807 0.8253968253968254 99
1638653580040 0.7777777777777778 100
1638653641427 0.8571428571428571 101
1638653701555 0.8095238095238095 102
1638653761782 0.8412698412698413 103
