1638647590912 59.97716569900513 0
1638647650404 59.24040508270264 1
1638647710021 59.32590627670288 2
1638647769727 59.42963361740112 3
1638647829425 59.42214107513428 4
1638647888997 59.290998458862305 5
1638647948555 59.29149031639099 6
1638648008189 59.36630606651306 7
1638648068182 59.67194938659668 8
1638648127950 59.4660530090332 9
1638648187522 59.322913646698 10
1638648247178 59.386237144470215 11
1638648306979 59.49845051765442 12
1638648366717 59.48348546028137 13
1638648426379 59.40669131278992 14
1638648486010 59.3523268699646 15
1638648545731 59.45804572105408 16
1638648605340 59.34933519363403 17
1638648665021 59.391730308532715 18
1638648724816 59.50492000579834 19
1638648784498 59.39321851730347 20
1638648844068 59.284018993377686 21
1638648903925 59.58869552612305 22
1638648963801 59.628589391708374 23
1638649023724 59.663496255874634 24
1638649083370 59.385239601135254 25
1638649142948 59.3014817237854 26
1638649203310 60.11280417442322 27
1638649263274 59.63756489753723 28
1638649322906 59.332380294799805 29
1638649382463 59.30844521522522 30
1638649442136 59.39971208572388 31
1638649501878 59.42812490463257 32
1638649561614 59.47599744796753 33
1638649621156 59.25309944152832 34
1638649680792 59.342365741729736 35
1638649740333 59.2870090007782 36
1638649799891 59.2725396156311 37
1638649859686 59.504427671432495 38
1638649919213 59.24312734603882 39
1638649978923 59.403191804885864 40
1638650038634 59.463539361953735 41
1638650098271 59.37078666687012 42
1638650158168 59.58670163154602 43
1638650217782 59.317928075790405 44
1638650277392 59.35682129859924 45
1638650336936 59.27005958557129 46
1638650396569 59.38424277305603 47
1638650456287 59.43410921096802 48
1638650515918 59.33736777305603 49
1638650576445 60.26688289642334 50
1638650635694 58.96935200691223 51
1638650694910 58.9284610748291 52
1638650754272 59.086039304733276 53
1638650813656 59.11546778678894 54
1638650872859 58.93743586540222 55
1638650932100 58.97932457923889 56
1638650991312 58.95489859580994 57
1638651052502 60.915655851364136 58
1638651115775 62.96366786956787 59
1638651176222 60.19806671142578 60
1638651236192 59.70839214324951 61
1638651296235 59.76772499084473 62
1638651356303 59.811116218566895 63
1638651416338 59.77021050453186 64
1638651476278 59.68353533744812 65
1638651536279 59.745277881622314 66
1638651596163 59.62559723854065 67
1638651656335 59.9123375415802 68
1638651716250 59.65751075744629 69
1638651776163 59.653523206710815 70
1638651836144 59.69142007827759 71
1638651896082 59.67646098136902 72
1638651956077 59.73031711578369 73
1638652016045 59.710878133773804 74
1638652076078 59.76723313331604 75
1638652136046 59.710370779037476 76
1638652195951 59.646541595458984 77
1638652255954 59.755249977111816 78
1638652315858 59.65053057670593 79
1638652375793 59.685452938079834 80
1638652435725 59.681447982788086 81
1638652495776 59.80163598060608 82
1638652555949 59.92180609703064 83
1638652616430 60.2309787273407 84
1638652676471 59.789668560028076 85
1638652736491 59.761250734329224 86
1638652796872 60.131261110305786 87
1638652857462 60.284834146499634 88
1638652917472 59.76052117347717 89
1638652977457 59.72484064102173 90
1638653037494 59.785171031951904 91
1638653097661 59.916574239730835 92
1638653157774 59.858973026275635 93
1638653217859 59.83654022216797 94
1638653277851 59.731345653533936 95
1638653337738 59.634082555770874 96
1638653397681 59.68195462226868 97
1638653457865 59.9347710609436 98
1638653517816 59.700904846191406 99
1638653580051 61.98430609703064 100
1638653641437 61.10264825820923 101
1638653701564 59.87891983985901 102
1638653761792 59.97816228866577 103
