1638647590909 0.0009203865623561895 0
1638647650401 0.0008524422470377632 1
1638647710018 0.0007938398031277289 2
1638647769724 0.0007427764985515858 3
1638647829422 0.0006978854072161351 4
1638647888995 0.0006581112207963146 5
1638647948552 0.000622626237469647 6
1638648008186 0.0005907721391859161 7
1638648068179 0.0005620187714269657 8
1638648127948 0.0005359344016292407 9
1638648187519 0.0005121638924455825 10
1638648247176 0.0004904124368593987 11
1638648306976 0.00047043326904078653 12
1638648366714 0.00045201826153776616 13
1638648426376 0.00043499064770107437 14
1638648486007 0.0004191993292810731 15
1638648545728 0.00040451438048622626 16
1638648605337 0.00039082346504084106 17
1638648665018 0.00037802895701810764 18
1638648724813 0.0003660456092829166 19
1638648784495 0.0003547986517651233 20
1638648844065 0.00034422222987160513 21
1638648903922 0.0003342581141157202 22
1638648963798 0.0003248546275541695 23
1638649023722 0.0003159657493127745 24
1638649083367 0.00030755036137167463 25
1638649142945 0.00029957161259399056 26
1638649203307 0.00029199637924489735 27
1638649263271 0.00028479480534275055 28
1638649322903 0.00027793990939158953 29
1638649382460 0.00027140724657348346 30
1638649442134 0.00026517461748561426 31
1638649501876 0.00025922181610804363 32
1638649561611 0.0002535304109727962 33
1638649621153 0.0002480835545411695 34
1638649680789 0.00024286581663630848 35
1638649740330 0.0002378630384624533 36
1638649799888 0.00023306220430232828 37
1638649859683 0.00022845132844447492 38
1638649919210 0.0002240193552722955 39
1638649978920 0.00021975607076145482 40
1638650038632 0.00021565202389424424 41
1638650098268 0.00021169845671825053 42
1638650158165 0.00020788724195996093 43
1638650217779 0.0002042108272580612 44
1638650277389 0.00020066218521119694 45
1638650336933 0.00019723476854499911 46
1638650396566 0.00019392246979657536 47
1638650456284 0.00019071958499418303 48
1638650515915 0.00018762078087769 49
1638650576442 0.00018462106526354657 50
1638650635691 0.00018171576020788283 51
1638650694907 0.00017890047766427536 52
1638650754269 0.0001761710973697655 53
1638650813653 0.00017352374672473928 54
1638650872856 0.00017095478246003932 55
1638650932097 0.00016846077390879533 56
1638650991309 0.00016603848772145383 57
1638651052498 0.00016368487388080467 58
1638651115772 0.00016139705288981425 59
1638651176219 0.00015917230401910065 60
1638651236189 0.0001570080545131965 61
1638651296232 0.00015490186966556684 62
1638651356301 0.00015285144368188557 63
1638651416335 0.00015085459125948496 64
1638651476275 0.00014890923981833071 65
1638651536276 0.0001470134223254583 66
1638651596160 0.00014516527066064713 67
1638651656332 0.00014336300947629491 68
1638651716247 0.0001416049505090698 69
1638651776160 0.000139889487305029 70
1638651836141 0.00013821509032356153 71
1638651896079 0.0001365803023887895 72
1638651956073 0.00013498373445999757 73
1638652016042 0.00013342406169528613 74
1638652076075 0.00013190001978500296 75
1638652136043 0.00013041040153362633 76
1638652195948 0.00012895405367067714 77
1638652255951 0.00012752987387295472 78
1638652315855 0.00012613680798193722 79
1638652375790 0.00012477384740158465 80
1638652435722 0.00012344002666304576 81
1638652495773 0.000122134421143911 82
1638652555946 0.000120856144930689 83
1638652616427 0.00011960434881412287 84
1638652676467 0.00011837821840781295 85
1638652736488 0.00011717697238138761 86
1638652796869 0.00011599986080016705 87
1638652857459 0.00011484616356390614 88
1638652917469 0.00011371518893778641 89
1638652977454 0.00011260627216935982 90
1638653037491 0.00011151877418563415 91
1638653097658 0.00011045208036493367 92
1638653157771 0.00010940559937857619 93
1638653217856 0.00010837876209777932 94
1638653277848 0.00010737102056155043 95
1638653337735 0.00010638184700162765 96
1638653397678 0.000105410732920826 97
1638653457863 0.00010445718822140746 98
1638653517813 0.00010352074038033519 99
1638653580048 0.00010260093366849637 100
1638653641434 0.00010169732841118263 101
1638653701561 0.00010080950028730707 102
1638653761789 9.993703966501102e-05 103
