1638647590906 2.5408917388731638 0
1638647650398 2.158667507604745 1
1638647710015 1.9759461399983766 2
1638647769722 1.8228457047464741 3
1638647829419 1.9511432360654102 4
1638647888992 1.6797513131873159 5
1638647948549 1.627674888788919 6
1638648008184 1.5323817197679293 7
1638648068177 1.5510377452236135 8
1638648127945 1.6407401417328618 9
1638648187516 1.4782828506459211 10
1638648247173 1.5321341915793012 11
1638648306973 1.4643331899499459 12
1638648366711 1.4218934006551616 13
1638648426374 1.4844553124251814 14
1638648486004 1.383793359270462 15
1638648545725 1.5432458222205732 16
1638648605334 1.3872771871387939 17
1638648665015 1.106542374173702 18
1638648724810 1.2899394482806552 19
1638648784485 1.189788640291446 20
1638648844062 1.103821834220578 21
1638648903919 1.269003878517213 22
1638648963795 1.3035073970413114 23
1638649023719 1.1737573728554471 24
1638649083364 1.0948313402459366 25
1638649142942 1.1912275063199378 26
1638649203304 1.2937922856549544 27
1638649263267 0.9281534566440522 28
1638649322900 1.2241463825775942 29
1638649382457 1.0036295782427136 30
1638649442131 0.933175040437088 31
1638649501873 1.1589189392789352 32
1638649561608 0.873504141235946 33
1638649621150 0.8382682886049437 34
1638649680786 0.9393719022381932 35
1638649740326 0.9570904043569757 36
1638649799885 1.1450423029063104 37
1638649859680 0.8927339743473391 38
1638649919207 1.0746227247622326 39
1638649978917 0.7908649141523308 40
1638650038629 0.8789726571100749 41
1638650098265 0.8916349709221857 42
1638650158162 0.9324137893322367 43
1638650217776 1.0044288710976732 44
1638650277386 0.7162059597602428 45
1638650336930 0.9168490925767377 46
1638650396563 0.803586158364775 47
1638650456280 0.9370345954834979 48
1638650515912 0.8608439050895101 49
1638650576439 0.6635431804244803 50
1638650635688 0.896575395739489 51
1638650694903 0.9490453680742977 52
1638650754266 0.8977361211116232 53
1638650813650 0.8721289874855673 54
1638650872853 0.8494703092389287 55
1638650932094 0.6630918521250777 56
1638650991306 0.8586996416459315 57
1638651052495 0.8180020212620378 58
1638651115769 0.7432223389757432 59
1638651176216 0.776425901534709 60
1638651236186 0.5894472636355215 61
1638651296229 0.964073669131319 62
1638651356298 0.7490501579754762 63
1638651416332 0.8166143164548457 64
1638651476272 0.6223628337711082 65
1638651536273 0.99039801800186 66
1638651596157 0.6460631961491831 67
1638651656329 0.6466822261125615 68
1638651716244 0.5764820470086252 69
1638651776157 0.8137424545619434 70
1638651836138 0.5842375476759557 71
1638651896076 0.6759753353161223 72
1638651956070 0.6021733133334707 73
1638652016039 0.7569017388233092 74
1638652076072 0.7738065126451791 75
1638652136039 0.8689162958656966 76
1638652195945 0.8917692961671044 77
1638652255948 0.9078510660835268 78
1638652315852 0.5784300121827929 79
1638652375787 0.6667798780035507 80
1638652435719 0.7293868378237366 81
1638652495770 0.5233925805071016 82
1638652555943 0.5169766112315681 83
1638652616423 0.5383201554544934 84
1638652676464 0.6800328822035507 85
1638652736485 0.6564154116720626 86
1638652796866 0.6428714989258211 87
1638652857456 0.5812482908404624 88
1638652917466 0.6744146647389366 89
1638652977451 0.5904187071002543 90
1638653037488 0.8036161357846748 91
1638653097655 0.5191415542631235 92
1638653157767 0.5250518167010154 93
1638653217853 0.6527408118341519 94
1638653277845 0.7119601131342888 95
1638653337732 0.42375131777925856 96
1638653397675 0.5677110755660175 97
1638653457859 0.5841976213757547 98
1638653517810 0.48684930371145296 99
1638653580045 0.5218536080533412 100
1638653641431 0.42333397924525346 101
1638653701558 0.5001841676908774 102
1638653761786 0.6354784911747381 103
