1638818959457 0.3681713826049959 1
1638819074148 0.5631205715195982 2
1638819188958 0.6256363043206276 3
1638819304190 0.653655253600523 4
1638819420159 0.6744114767609304 5
1638819525454 0.6883565634661327 6
1638819626521 0.7051941543645253 7
1638819729375 0.7141175647691496 8
1638819832779 0.714981120652546 9
1638819936056 0.7239237599979246 10
1638820037922 0.7304097520133663 11
1638820139421 0.7344728929459015 12
1638820243063 0.7453867937788109 13
1638820345088 0.7441573046535426 14
1638820446096 0.7448425554815744 15
1638820549251 0.7487839128929755 16
1638820652240 0.7496439725677402 17
1638820756205 0.7481528528852959 18
1638820860355 0.7576845981482137 19
1638820961218 0.7572534029194385 20
