1638818959452 2.2572029515052385 1
1638819074144 1.4709304684786992 2
1638819188954 1.2369068985997855 3
1638819304187 1.1328704994465628 4
1638819420155 1.0521154415601635 5
1638819525450 1.008633199240041 6
1638819626517 0.961060955587489 7
1638819729371 0.9359649172217402 8
1638819832774 0.9275837596291427 9
1638819936053 0.8983079689413523 10
1638820037918 0.8781660742391004 11
1638820139417 0.8704020209659076 12
1638820243059 0.8275611767042405 13
1638820345085 0.8300556030067799 14
1638820446091 0.8359967897486333 15
1638820549247 0.8190374343212132 16
1638820652237 0.8160096821250711 17
1638820756201 0.8254115265514215 18
1638820860351 0.7843114709811895 19
1638820961214 0.7934877844101319 20
