1638658015796 0.20634920634920634 0
1638658075244 0.25396825396825395 1
1638658134701 0.36507936507936506 2
1638658194086 0.31746031746031744 3
1638658253615 0.36507936507936506 4
1638658312970 0.3968253968253968 5
1638658372460 0.42857142857142855 6
1638658432628 0.47619047619047616 7
1638658495023 0.5238095238095238 8
1638658558510 0.5238095238095238 9
1638658622408 0.5396825396825397 10
1638658686642 0.5714285714285714 11
1638658751012 0.5238095238095238 12
1638658815742 0.5238095238095238 13
1638658880138 0.5555555555555556 14
1638658944576 0.5079365079365079 15
1638659008854 0.6031746031746031 16
1638659073153 0.5396825396825397 17
1638659137375 0.5555555555555556 18
1638659201368 0.5714285714285714 19
1638659265162 0.5714285714285714 20
1638659328770 0.6349206349206349 21
1638659392020 0.6349206349206349 22
1638659455069 0.6349206349206349 23
1638659517897 0.6984126984126984 24
1638659580505 0.6984126984126984 25
1638659642880 0.6666666666666666 26
1638659705291 0.7142857142857143 27
1638659767756 0.6984126984126984 28
1638659830082 0.6825396825396826 29
1638659892136 0.7777777777777778 30
1638659954356 0.6984126984126984 31
1638660017006 0.7142857142857143 32
1638660078696 0.746031746031746 33
1638660140134 0.7301587301587301 34
1638660201618 0.7619047619047619 35
1638660262957 0.746031746031746 36
1638660324319 0.7619047619047619 37
1638660385538 0.6984126984126984 38
1638660446527 0.746031746031746 39
1638660507419 0.7619047619047619 40
1638660568257 0.7936507936507936 41
1638660629342 0.7936507936507936 42
1638660690194 0.7777777777777778 43
1638660750990 0.8095238095238095 44
1638660811792 0.7142857142857143 45
1638660872673 0.7936507936507936 46
1638660933752 0.8412698412698413 47
1638660994577 0.7936507936507936 48
1638661055529 0.873015873015873 49
1638661116172 0.8412698412698413 50
1638661176963 0.7936507936507936 51
1638661240399 0.7619047619047619 52
1638661301271 0.746031746031746 53
1638661362086 0.7777777777777778 54
1638661422832 0.8571428571428571 55
1638661483464 0.8095238095238095 56
1638661544334 0.8571428571428571 57
1638661604848 0.9047619047619048 58
1638661665522 0.8412698412698413 59
1638661726066 0.8412698412698413 60
1638661786437 0.8412698412698413 61
1638661846898 0.8571428571428571 62
1638661907341 0.873015873015873 63
1638661967764 0.8571428571428571 64
1638662028296 0.9047619047619048 65
1638662088714 0.8095238095238095 66
1638662149390 0.9047619047619048 67
1638662209852 0.9206349206349206 68
1638662270231 0.8571428571428571 69
1638662330594 0.8571428571428571 70
1638662390860 0.8888888888888888 71
1638662451092 0.8571428571428571 72
1638662511325 0.9206349206349206 73
1638662571661 0.9047619047619048 74
1638662631933 0.9047619047619048 75
1638662692184 0.8412698412698413 76
1638662752398 0.8095238095238095 77
1638662812556 0.8095238095238095 78
1638662872656 0.9047619047619048 79
1638662932917 0.873015873015873 80
1638662993037 0.9047619047619048 81
1638663053370 0.8888888888888888 82
1638663113472 0.8888888888888888 83
1638663173617 0.8888888888888888 84
1638663233793 0.9206349206349206 85
1638663293967 0.8888888888888888 86
1638663354255 0.873015873015873 87
1638663414619 0.9047619047619048 88
1638663474613 0.8888888888888888 89
1638663534709 0.8253968253968254 90
1638663595121 0.9047619047619048 91
1638663655736 0.9523809523809523 92
1638663715769 0.9365079365079365 93
1638663775705 0.873015873015873 94
1638663835652 0.9047619047619048 95
1638663895643 0.9206349206349206 96
1638663955717 0.9365079365079365 97
1638664015673 0.8412698412698413 98
1638664075655 0.8888888888888888 99
1638664135508 0.9523809523809523 100
1638664195355 0.9365079365079365 101
1638664255341 0.9047619047619048 102
1638664315168 0.9523809523809523 103
1638664375053 0.873015873015873 104
1638664434942 0.9206349206349206 105
1638664494801 0.8571428571428571 106
1638664555157 0.9047619047619048 107
1638664615121 0.9206349206349206 108
1638664675117 0.9047619047619048 109
1638664734971 0.8571428571428571 110
1638664794876 0.9365079365079365 111
1638664854780 0.8888888888888888 112
1638664914638 0.9206349206349206 113
1638664974487 0.9047619047619048 114
1638665034403 0.9206349206349206 115
1638665094301 0.9047619047619048 116
1638665154318 0.9206349206349206 117
1638665214240 0.9365079365079365 118
1638665274089 0.9365079365079365 119
1638665333915 0.8888888888888888 120
1638665393710 0.9523809523809523 121
1638665453498 0.9047619047619048 122
1638665513303 0.9206349206349206 123
1638665573075 0.9365079365079365 124
1638665632877 0.9365079365079365 125
1638665692635 0.9206349206349206 126
1638665752605 0.9682539682539683 127
1638665812334 0.9365079365079365 128
1638665872132 0.9047619047619048 129
1638665931850 0.9523809523809523 130
1638665991700 0.9206349206349206 131
1638666051588 0.9365079365079365 132
1638666111305 0.8888888888888888 133
1638666171102 0.9682539682539683 134
1638666230877 0.9682539682539683 135
1638666290575 0.9365079365079365 136
1638666350565 0.9365079365079365 137
1638666410408 0.8412698412698413 138
1638666470136 0.9047619047619048 139
1638666530056 0.9047619047619048 140
1638666589892 0.9682539682539683 141
1638666649691 0.9682539682539683 142
1638666709533 0.8571428571428571 143
1638666769228 0.9047619047619048 144
1638666828968 0.9523809523809523 145
1638666888708 0.9523809523809523 146
1638666948832 0.9047619047619048 147
1638667008819 0.9365079365079365 148
1638667068623 0.9365079365079365 149
1638667128470 0.9841269841269841 150
1638667188163 0.9206349206349206 151
1638667248884 0.9523809523809523 152
1638667308659 0.9365079365079365 153
1638667368462 0.9365079365079365 154
1638667428209 0.9523809523809523 155
1638667487998 0.9206349206349206 156
1638667547878 0.9523809523809523 157
1638667607654 0.9523809523809523 158
1638667667507 0.9365079365079365 159
1638667727311 0.9365079365079365 160
1638667787125 1.0 161
1638667846981 0.9841269841269841 162
1638667906695 0.9047619047619048 163
1638667966360 0.9365079365079365 164
1638668026226 0.9047619047619048 165
1638668085903 0.9206349206349206 166
1638668145942 0.9206349206349206 167
1638668205748 0.9682539682539683 168
1638668265487 0.9682539682539683 169
1638668325251 0.8888888888888888 170
1638668384967 0.9523809523809523 171
1638668444751 0.9206349206349206 172
1638668504491 0.9523809523809523 173
1638668564297 0.9047619047619048 174
1638668623983 0.9047619047619048 175
1638668683694 0.9047619047619048 176
1638668743569 0.873015873015873 177
1638668803353 0.9682539682539683 178
1638668863063 0.9206349206349206 179
1638668922841 0.9841269841269841 180
1638668982565 0.9365079365079365 181
1638669042512 0.9523809523809523 182
1638669102306 0.9365079365079365 183
1638669162092 0.9523809523809523 184
1638669221782 0.9841269841269841 185
1638669281493 0.9523809523809523 186
1638669341467 0.9841269841269841 187
1638669401154 0.9206349206349206 188
1638669460898 0.9365079365079365 189
1638669520636 0.9047619047619048 190
1638669580365 0.9523809523809523 191
1638669640262 1.0 192
1638669700031 1.0 193
1638669759870 0.9206349206349206 194
1638669819690 0.9523809523809523 195
1638669879372 0.9206349206349206 196
1638669939224 0.9523809523809523 197
1638669999009 0.9206349206349206 198
1638670058553 0.9365079365079365 199
