1638658015804 59.874276638031006 0
1638658075253 59.16782069206238 1
1638658134709 59.14290237426758 2
1638658194096 59.090028524398804 3
1638658253624 59.23564028739929 4
1638658312980 59.069591999053955 5
1638658372469 59.20571994781494 6
1638658432637 59.8749303817749 7
1638658495032 62.116936445236206 8
1638658558519 63.15815234184265 9
1638658622417 63.60247278213501 10
1638658686650 63.93407893180847 11
1638658751021 64.09165811538696 12
1638658815752 64.45271039009094 13
1638658880148 64.10163140296936 14
1638658944592 64.07470273971558 15
1638659008862 63.97796106338501 16
1638659073161 64.01885271072388 17
1638659137384 63.92860174179077 18
1638659201384 63.68873476982117 19
1638659265171 63.48128962516785 20
1638659328779 63.30476140975952 21
1638659392029 62.97564125061035 22
1638659455082 62.773690938949585 23
1638659517907 62.53133726119995 24
1638659580514 62.32739210128784 25
1638659642889 62.07854700088501 26
1638659705300 62.130900621414185 27
1638659767765 62.166802644729614 28
1638659830091 62.048120975494385 29
1638659892145 61.75091552734375 30
1638659954365 61.93243169784546 31
1638660017015 62.348318576812744 32
1638660078705 61.40384316444397 33
1638660140143 61.15850019454956 34
1638660201627 61.13606572151184 35
1638660262966 61.06175780296326 36
1638660324328 61.07671666145325 37
1638660385549 60.91415190696716 38
1638660446536 60.70122957229614 39
1638660507430 60.606486320495605 40
1638660568266 60.5431444644928 41
1638660629352 60.79247760772705 42
1638660690204 60.553117752075195 43
1638660750999 60.495272159576416 44
1638660811801 60.512227296829224 45
1638660872682 60.5546190738678 46
1638660933763 60.799480676651 47
1638660994586 60.535672187805176 48
1638661055539 60.66781044006348 49
1638661116181 60.3496778011322 50
1638661176972 60.494274854660034 51
1638661240409 63.1521692276001 52
1638661301280 60.52319693565369 53
1638661362095 60.47332954406738 54
1638661422842 60.45338463783264 55
1638661483473 60.3520245552063 56
1638661544343 60.58579754829407 57
1638661604857 60.20305323600769 58
1638661665531 60.35415482521057 59
1638661726075 60.23547720909119 60
1638661786448 60.12027454376221 61
1638661846908 60.19308018684387 62
1638661907351 60.16914200782776 63
1638661967773 60.10431742668152 64
1638662028305 60.17014169692993 65
1638662088723 60.094849824905396 66
1638662149400 60.36162972450256 67
1638662209862 60.184104681015015 68
1638662270242 60.05296349525452 69
1638662330604 60.03152632713318 70
1638662390870 59.976168155670166 71
1638662451102 59.982643127441406 72
1638662511335 59.93277645111084 73
1638662571670 60.01655197143555 74
1638662631942 59.951234340667725 75
1638662692194 59.96967697143555 76
1638662752408 59.92059564590454 77
1638662812565 59.84501075744629 78
1638662872667 59.806633949279785 79
1638662932926 59.93029046058655 80
1638662993047 59.84602499008179 81
1638663053378 60.04746985435486 82
1638663113482 59.80712652206421 83
1638663173627 59.811607837677 84
1638663233803 59.853986501693726 85
1638663293976 59.888893604278564 86
1638663354265 60.00957131385803 87
1638663414628 60.04924559593201 88
1638663474625 59.71236443519592 89
1638663534718 59.78318929672241 90
1638663595130 60.112295389175415 91
1638663655745 60.23376965522766 92
1638663715778 59.74280858039856 93
1638663775714 59.65651488304138 94
1638663835662 59.65352249145508 95
1638663895653 59.67696833610535 96
1638663955727 59.780691385269165 97
1638664015683 59.67147493362427 98
1638664075665 59.650529861450195 99
1638664135518 59.57625222206116 100
1638664195365 59.561277866363525 101
1638664255352 59.67796611785889 102
1638664315178 59.528366804122925 103
1638664375063 59.514402627944946 104
1638664434953 59.57273626327515 105
1638664494812 59.558775663375854 106
1638664555168 60.04746913909912 107
1638664615131 59.65352153778076 108
1638664675127 59.696423292160034 109
1638664734981 59.546807527542114 110
1638664794886 59.612141370773315 111
1638664854791 59.591702461242676 112
1638664914650 59.512407302856445 113
1638664974501 59.57025074958801 114
1638665034414 59.63208794593811 115
1638665094312 59.56076979637146 116
1638665154328 59.70837616920471 117
1638665214250 59.62239480018616 118
1638665274099 59.54381513595581 119
1638665333925 59.53982639312744 120
1638665393720 59.51340627670288 121
1638665453510 59.500929832458496 122
1638665513312 59.47001266479492 123
1638665573085 59.468019008636475 124
1638665632886 59.514402627944946 125
1638665692645 59.461036920547485 126
1638665752615 59.666504859924316 127
1638665812344 59.426145792007446 128
1638665872141 59.436609745025635 129
1638665931860 59.42912197113037 130
1638665991710 59.54979991912842 131
1638666051598 59.63656830787659 132
1638666111315 59.4380989074707 133
1638666171112 59.48747420310974 134
1638666230887 59.476993560791016 135
1638666290585 59.41914916038513 136
1638666350575 59.6420624256134 137
1638666410419 59.47400212287903 138
1638666470146 59.41766333580017 139
1638666530066 59.60764455795288 140
1638666589903 59.534348487854004 141
1638666649701 59.4929518699646 142
1638666709542 59.4884717464447 143
1638666769238 59.41815137863159 144
1638666828977 59.428632497787476 145
1638666888717 59.45804524421692 146
1638666948841 59.84501051902771 147
1638667008828 59.65801954269409 148
1638667068633 59.50990629196167 149
1638667128480 59.57075595855713 150
1638667188173 59.40019989013672 151
1638667248894 60.422972202301025 152
1638667308669 59.48896265029907 153
1638667368472 59.52586388587952 154
1638667428219 59.4590425491333 155
1638667488009 59.496450662612915 156
1638667547888 59.60166120529175 157
1638667607664 59.479986906051636 158
1638667667517 59.50094795227051 159
1638667727320 59.474002838134766 160
1638667787134 59.4535653591156 161
1638667846990 59.53882694244385 162
1638667906705 59.40569519996643 163
1638667966369 59.41316509246826 164
1638668026236 59.53086614608765 165
1638668085914 59.402700901031494 166
1638668145951 59.77719259262085 167
1638668205758 59.53734350204468 168
1638668265497 59.4470739364624 169
1638668325261 59.43834733963013 170
1638668384977 59.409682750701904 171
1638668444761 59.43211364746094 172
1638668504502 59.432920694351196 173
1638668564307 59.51940679550171 174
1638668623993 59.38025259971619 175
1638668683704 59.41167998313904 176
1638668743578 59.55230212211609 177
1638668803363 59.461050271987915 178
1638668863074 59.355825901031494 179
1638668922851 59.462032318115234 180
1638668982575 59.43710136413574 181
1638669042522 59.65602445602417 182
1638669102316 59.44108963012695 183
1638669162102 59.48098397254944 184
1638669221793 59.39022707939148 185
1638669281503 59.383750677108765 186
1638669341477 59.6904239654541 187
1638669401163 59.4026985168457 188
1638669460907 59.43510627746582 189
1638669520646 59.45257925987244 190
1638669580375 59.4022262096405 191
1638669640272 59.53634333610535 192
1638669700041 59.46502661705017 193
1638669759879 59.54581069946289 194
1638669819700 59.50093054771423 195
1638669879382 59.38075923919678 196
1638669939234 59.50941324234009 197
1638669999020 59.462034702301025 198
1638670058563 59.26008200645447 199
