1638658015802 0.0005361930294906167 0
1638658075251 0.00036616623947272064 1
1638658134707 0.00027800945232137893 2
1638658194093 0.0002240645305848084 3
1638658253621 0.00018765246762994934 4
1638658312976 0.00016142050040355123 5
1638658372466 0.000141622999575131 6
1638658432634 0.00012615112905260502 7
1638658495029 0.00011372682815876267 8
1638658558516 0.00010353038616834041 9
1638658622414 9.501187648456056e-05 10
1638658686648 8.778860503906592e-05 11
1638658751018 8.158603247124092e-05 12
1638658815749 7.620208793720948e-05 13
1638658880144 7.148473800843519e-05 14
1638658944582 6.731740154830025e-05 15
1638659008860 6.360918516633803e-05 16
1638659073159 6.028817748839453e-05 17
1638659137381 5.72967398155045e-05 18
1638659201382 5.458813253998581e-05 19
1638659265168 5.212405525149857e-05 20
1638659328776 4.9872824298039995e-05 21
1638659392026 4.78080030597122e-05 22
1638659455077 4.590735894963963e-05 23
1638659517903 4.4152059693584704e-05 24
1638659580511 4.25260472039124e-05 25
1638659642886 4.101554489151389e-05 26
1638659705298 3.960866637620311e-05 27
1638659767762 3.8295102056446985e-05 28
1638659830088 3.7065866043960116e-05 29
1638659892142 3.591309032142216e-05 30
1638659954362 3.4829856152694084e-05 31
1638660017013 3.381005511038983e-05 32
1638660078702 3.284827382321059e-05 33
1638660140140 3.1939697850458335e-05 34
1638660201624 3.108003108003109e-05 35
1638660262964 3.0265427801821975e-05 36
1638660324326 2.9492435190373665e-05 37
1638660385545 2.8757944382135565e-05 38
1638660446533 2.8059148685428885e-05 39
1638660507426 2.7393507738665934e-05 40
1638660568263 2.6758716651949373e-05 41
1638660629349 2.615267934199859e-05 42
1638660690200 2.5573485410326572e-05 43
1638660750996 2.5019390027271136e-05 44
1638660811798 2.4488796375658137e-05 45
1638660872679 2.3980240282007626e-05 46
1638660933760 2.3492376723753143e-05 47
1638660994584 2.3023967950636615e-05 48
1638661055536 2.2573872999390506e-05 49
1638661116178 2.214103841470165e-05 50
1638661176969 2.1724490017596836e-05 51
1638661240406 2.1323325585858373e-05 52
1638661301277 2.0936708330716246e-05 53
1638661362092 2.0563861070554607e-05 54
1638661422839 2.0204061016264268e-05 55
1638661483470 1.9856635094616865e-05 56
1638661544340 1.9520955745993323e-05 57
1638661604854 1.919643714126658e-05 58
1638661665528 1.8882531769859703e-05 59
1638661726072 1.8578727357176033e-05 60
1638661786444 1.8284544074893492e-05 61
1638661846905 1.7999532012167683e-05 62
1638661907348 1.7723268879712176e-05 63
1638661967770 1.7455357922114193e-05 64
1638662028302 1.7195426016679565e-05 65
1638662088721 1.69431219396486e-05 66
1638662149397 1.669811478284102e-05 67
1638662209859 1.6460092505719883e-05 68
1638662270238 1.6228760609552248e-05 69
1638662330601 1.6003840921821237e-05 70
1638662390867 1.5785070480339693e-05 71
1638662451099 1.5572200507653737e-05 72
1638662511331 1.5364995467326338e-05 73
1638662571667 1.5163232194574596e-05 74
1638662631939 1.4966699094514705e-05 75
1638662692191 1.4775195401959192e-05 76
1638662752405 1.4588530497323004e-05 77
1638662812562 1.440652327373835e-05 78
1638662872663 1.4229001550961171e-05 79
1638662932923 1.4055801532082368e-05 80
1638662993044 1.3886767299440365e-05 81
1638663053377 1.3721750346474198e-05 82
1638663113479 1.3560609142562685e-05 83
1638663173624 1.3403208728169524e-05 84
1638663233800 1.3249420337860216e-05 85
1638663293973 1.3099121048977612e-05 86
1638663354262 1.2952193453961427e-05 87
1638663414625 1.2808525354475937e-05 88
1638663474620 1.2668009475671087e-05 89
1638663534715 1.2530543199047678e-05 90
1638663595127 1.2396028312528665e-05 91
1638663655742 1.2264370776457314e-05 92
1638663715775 1.2135480504350569e-05 93
1638663775711 1.200927115733346e-05 94
1638663835659 1.1885659951268793e-05 95
1638663895649 1.1764567475676756e-05 96
1638663955724 1.1645917523612096e-05 97
1638664015680 1.152963693173302e-05 98
1638664075662 1.1415655429856505e-05 99
1638664135515 1.1303905499350025e-05 100
1638664195362 1.1194322239759993e-05 101
1638664255348 1.1086843243123385e-05 102
1638664315175 1.098140847545106e-05 103
1638664375060 1.0877960164909877e-05 104
1638664434949 1.0776442696265962e-05 105
1638664494808 1.067680251118395e-05 106
1638664555163 1.057898801400658e-05 107
1638664615128 1.0482949482666443e-05 108
1638664675124 1.0388638984406653e-05 109
1638664734978 1.0296010296010295e-05 110
1638664794882 1.0205018828259738e-05 111
1638664854787 1.0115621554366409e-05 112
1638664914645 1.0027776942129699e-05 113
1638664974495 9.941444889600256e-06 114
1638665034411 9.856586664038243e-06 115
1638665094308 9.773164843971423e-06 116
1638665154325 9.691143264170874e-06 117
1638665214247 9.610486963374434e-06 118
1638665274096 9.531162134599072e-06 119
1638665333922 9.453136077893842e-06 120
1638665393717 9.376377155394699e-06 121
1638665453507 9.300854748551391e-06 122
1638665513310 9.226539217404944e-06 123
1638665573082 9.15340186180194e-06 124
1638665632884 9.081414884438995e-06 125
1638665692642 9.010551355637451e-06 126
1638665752612 8.940785179754486e-06 127
1638665812341 8.872091063142672e-06 128
1638665872138 8.804444483575308e-06 129
1638665931857 8.737821661059898e-06 130
1638665991707 8.672199529966784e-06 131
1638666051595 8.607555712404349e-06 132
1638666111312 8.543868492776158e-06 133
1638666171109 8.481116793459363e-06 134
1638666230884 8.419280151547042e-06 135
1638666290582 8.358338696600663e-06 136
1638666350572 8.29827312936178e-06 137
1638666410415 8.2390647013751e-06 138
1638666470143 8.180695195477712e-06 139
1638666530063 8.123146907111816e-06 140
1638666589899 8.066402626420695e-06 141
1638666649698 8.010445621089902e-06 142
1638666709539 7.955259619897696e-06 143
1638666769235 7.900828796940798e-06 144
1638666828974 7.847137756503315e-06 145
1638666888715 7.794171518538439e-06 146
1638666948838 7.741915504734181e-06 147
1638667008825 7.690355525135926e-06 148
1638667068630 7.639477765299964e-06 149
1638667128477 7.589268773953628e-06 150
1638667188170 7.539715451138875e-06 151
1638667248891 7.490805036817306e-06 152
1638667308666 7.442525099915899e-06 153
1638667368469 7.394863527793594e-06 154
1638667428216 7.34780851611007e-06 155
1638667488005 7.301348559078862e-06 156
1638667547885 7.255472440087937e-06 157
1638667607661 7.210169222671655e-06 158
1638667667514 7.165428241818873e-06 159
1638667727317 7.121239095602634e-06 160
1638667787131 7.077591637117722e-06 161
1638667846987 7.034475966712859e-06 162
1638667906702 6.99188242450515e-06 163
1638667966366 6.949801583164801e-06 164
1638668026233 6.908224240958862e-06 165
1638668085910 6.8671414150431596e-06 166
1638668145948 6.826544334992184e-06 167
1638668205755 6.7864244365571114e-06 168
1638668265494 6.746773355642664e-06 169
1638668325258 6.707582922493879e-06 170
1638668384974 6.668845156084322e-06 171
1638668444758 6.630552258697626e-06 172
1638668504498 6.5926966106946735e-06 173
1638668564304 6.555270765458968e-06 174
1638668623990 6.518267444513249e-06 175
1638668683701 6.4816795328005385e-06 176
1638668743575 6.4455000741232505e-06 177
1638668803359 6.409722266734183e-06 178
1638668863070 6.374339459073554e-06 179
1638668922848 6.339345145646455e-06 180
1638668982572 6.304732963035351e-06 181
1638669042519 6.270496686042501e-06 182
1638669102313 6.236630223957392e-06 183
1638669162099 6.203127616944464e-06 184
1638669221789 6.16998303254666e-06 185
1638669281500 6.137190762300465e-06 186
1638669341474 6.104745218458307e-06 187
1638669401160 6.072640930814402e-06 188
1638669460904 6.040872543630202e-06 189
1638669520643 6.0094348126558696e-06 190
1638669580372 5.978322602244262e-06 191
1638669640268 5.947530882554107e-06 192
1638669700038 5.917054726839168e-06 193
1638669759876 5.886889308820326e-06 194
1638669819696 5.85702990013764e-06 195
1638669879379 5.827471867879558e-06 196
1638669939231 5.798210672186564e-06 197
1638669999016 5.769241863926661e-06 198
1638670058560 5.740561082440197e-06 199
