1638658015799 2.871559176655416 0
1638658075248 2.681876325364114 1
1638658134704 2.4197000717844457 2
1638658194089 2.3885293199955497 3
1638658253618 2.260137642007329 4
1638658312974 2.0490918835478054 5
1638658372463 2.098803098799542 6
1638658432632 1.9817127007308903 7
1638658495026 1.6022893622191725 8
1638658558513 1.7055397779641643 9
1638658622411 1.665236312491894 10
1638658686645 1.5526202925454244 11
1638658751016 1.49733060711194 12
1638658815746 1.584075280850607 13
1638658880141 1.4504855966967358 14
1638658944579 1.489452330478001 15
1638659008857 1.3176797298794265 16
1638659073156 1.4400059617807248 17
1638659137378 1.1965668857048914 18
1638659201379 1.314235815905104 19
1638659265165 1.2411699379952326 20
1638659328774 1.2605981255097936 21
1638659392023 1.1734821956121295 22
1638659455073 1.1752672411664706 23
1638659517900 0.841686330519911 24
1638659580508 0.9908906653451344 25
1638659642883 0.9870437697232555 26
1638659705295 0.9102832178181731 27
1638659767759 1.0060466873169158 28
1638659830085 0.8226983957955468 29
1638659892139 0.8856860380253992 30
1638659954359 0.8684999686638887 31
1638660017010 0.9339962273248087 32
1638660078699 0.6950097243949759 33
1638660140137 0.8748801358367817 34
1638660201621 0.6978149338771316 35
1638660262961 0.7135569522395567 36
1638660324323 0.6736967141791625 37
1638660385542 0.7596111277895354 38
1638660446530 0.782158217466481 39
1638660507423 0.7124851815375105 40
1638660568260 0.5667388621675985 41
1638660629346 0.5647194761771294 42
1638660690198 0.6799449836345309 43
1638660750993 0.6481275590351702 44
1638660811795 0.8808506720582224 45
1638660872676 0.6131044725719859 46
1638660933756 0.5388175596857023 47
1638660994581 0.6025347923823158 48
1638661055532 0.5178774614211348 49
1638661116175 0.44318120170730546 50
1638661176966 0.57477668853207 51
1638661240403 0.6024540086585919 52
1638661301274 0.7006780014596896 53
1638661362089 0.6366936498014716 54
1638661422836 0.508544688376654 55
1638661483467 0.46376021298800796 56
1638661544337 0.5559171328447644 57
1638661604851 0.44759836586463764 58
1638661665525 0.4340432226018998 59
1638661726069 0.4243591343804712 60
1638661786441 0.498689184596596 61
1638661846902 0.4033313002256015 62
1638661907344 0.48593138789362567 63
1638661967767 0.4017582376385021 64
1638662028299 0.3920978195734236 65
1638662088718 0.5742974085393562 66
1638662149394 0.3244195089425277 67
1638662209855 0.34728767795208765 68
1638662270235 0.410398362818209 69
1638662330598 0.3941165200576494 70
1638662390864 0.3658173834384521 71
1638662451096 0.42917259880449654 72
1638662511328 0.3916281924183837 73
1638662571664 0.3363826130137577 74
1638662631936 0.3662308462963064 75
1638662692188 0.4151204473015618 76
1638662752401 0.48358529991907834 77
1638662812559 0.4339687069004272 78
1638662872660 0.3334643632070507 79
1638662932920 0.42773476549557354 80
1638662993041 0.36705763225369803 81
1638663053373 0.2787618304243319 82
1638663113476 0.3946101381255572 83
1638663173621 0.33795910969367576 84
1638663233797 0.23593200920054236 85
1638663293970 0.41643066834677595 86
1638663354258 0.42032271964014767 87
1638663414622 0.26158706574101115 88
1638663474616 0.3224860722430187 89
1638663534712 0.4056578166125184 90
1638663595124 0.22462454973947008 91
1638663655739 0.2543247855004712 92
1638663715772 0.2927319442779568 93
1638663775708 0.367589838076005 94
1638663835655 0.39039917260406776 95
1638663895646 0.2452869298858782 96
1638663955721 0.26289832460835777 97
1638664015677 0.5275521198248709 98
1638664075658 0.41715375021911977 99
1638664135512 0.2337506399293131 100
1638664195358 0.21407315974652205 101
1638664255345 0.31715448701216065 102
1638664315172 0.21430597831429726 103
1638664375057 0.3220072371174095 104
1638664434946 0.2800033165917001 105
1638664494805 0.3581905221485989 106
1638664555160 0.37230679155018753 107
1638664615125 0.27637281514401835 108
1638664675121 0.22928296092169753 109
1638664734974 0.37611871167217586 110
1638664794879 0.2817562967425213 111
1638664854784 0.2854180169692091 112
1638664914642 0.3517568073466101 113
1638664974491 0.3895257386745315 114
1638665034407 0.2862222798849411 115
1638665094304 0.3984608046599439 116
1638665154322 0.26650022502218407 117
1638665214244 0.20126210324547322 118
1638665274093 0.20658693618619736 119
1638665333919 0.4673866501971458 120
1638665393713 0.15840184668063392 121
1638665453503 0.32993661074330133 122
1638665513307 0.23870364148145187 123
1638665573079 0.27803388344185737 124
1638665632880 0.23132295240541553 125
1638665692639 0.21609250763044444 126
1638665752609 0.1118179124474302 127
1638665812337 0.2763885238704177 128
1638665872135 0.24135662067753078 129
1638665931854 0.24768694015465448 130
1638665991704 0.21552082820295093 131
1638666051591 0.2656102265858035 132
1638666111309 0.27615552362400214 133
1638666171106 0.10467224741945702 134
1638666230881 0.12061285859593988 135
1638666290579 0.17755186187366487 136
1638666350568 0.23251884412337032 137
1638666410412 0.3523171431027268 138
1638666470140 0.3989053815574577 139
1638666530060 0.23323932034133038 140
1638666589895 0.18368439837976094 141
1638666649695 0.12648290891907155 142
1638666709536 0.2947609357481027 143
1638666769232 0.2461595028637605 144
1638666828971 0.14909653328893321 145
1638666888712 0.1318747606625088 146
1638666948835 0.28851527305059865 147
1638667008822 0.19305941376065464 148
1638667068627 0.2541619964459124 149
1638667128474 0.14342290613652847 150
1638667188167 0.23634894499319353 151
1638667248888 0.16179176610123266 152
1638667308663 0.15869309109445606 153
1638667368465 0.279569201222347 154
1638667428213 0.15352010549125425 155
1638667488002 0.1773591365193135 156
1638667547882 0.1501645754163306 157
1638667607658 0.1715825110687784 158
1638667667511 0.2094048257126326 159
1638667727314 0.27631527546884216 160
1638667787128 0.10627414134452272 161
1638667846984 0.11127756255492721 162
1638667906699 0.22777259347128156 163
1638667966363 0.22625841186841297 164
1638668026230 0.3403830758956002 165
1638668085907 0.18528349565716978 166
1638668145945 0.21550863266768303 167
1638668205752 0.13099428542723024 168
1638668265490 0.15399793233515896 169
1638668325255 0.281674776807739 170
1638668384970 0.223158416101029 171
1638668444754 0.27758072383026783 172
1638668504495 0.21095135638651874 173
1638668564301 0.2590442924361043 174
1638668623987 0.31506987232039835 175
1638668683698 0.3308246530565655 176
1638668743573 0.4110983684048538 177
1638668803356 0.15893869364242721 178
1638668863067 0.24829274505539117 179
1638668922844 0.07126375403387278 180
1638668982569 0.2157367817299174 181
1638669042515 0.17416505869507717 182
1638669102310 0.20191994747831551 183
1638669162096 0.11981916658072142 184
1638669221786 0.08772073145032375 185
1638669281497 0.3085130379181337 186
1638669341471 0.1384657227473487 187
1638669401157 0.2691038277630825 188
1638669460901 0.2659007073258838 189
1638669520640 0.292821172373836 190
1638669580368 0.15999418890398623 191
1638669640265 0.10972481879762264 192
1638669700035 0.11666701158216251 193
1638669759873 0.17339138151339273 194
1638669819693 0.21062046488519792 195
1638669879376 0.21174283728733043 196
1638669939228 0.2074901308858965 197
1638669999013 0.18564443914541098 198
1638670058557 0.2412831135022965 199
