1638633839470 0.33210299131363696 1
1638633863042 0.40268498662575286 2
1638633886318 0.42359765066698574 3
1638633909642 0.43875411262963715 4
1638633933151 0.44948523820272496 5
1638633956468 0.45737506418250173 6
1638633979668 0.4622251205232347 7
1638634003050 0.4683258527627443 8
1638634026326 0.47068830419495256 9
1638634049679 0.47256245648200185 10
1638634073226 0.4790417995587783 11
1638634096131 0.478700992554495 12
1638634119010 0.47812419813169343 13
1638634141823 0.48238228127257105 14
1638634164581 0.48095461481850915 15
1638634187422 0.48375066443761555 16
1638634210252 0.4849970444314199 17
1638634233096 0.4845628734617806 18
1638634256208 0.4859352661404268 19
1638634278875 0.4874517142635019 20
1638634301581 0.48934591401531846 21
1638634324487 0.48864024295955555 22
1638634347236 0.48898563229459535 23
1638634370096 0.4896709694598068 24
1638634392912 0.4888785215090384 25
1638634415675 0.4899585074626821 26
1638634438570 0.4950305180103619 27
1638634461438 0.4926102152804029 28
1638634484166 0.4907730076522254 29
1638634507164 0.493223667936292 30
1638634530145 0.4922854462272851 31
1638634553015 0.49329698440246716 32
1638634576111 0.49291808717382973 33
1638634600101 0.49207151108195546 34
1638634624163 0.4929550318327016 35
1638634646995 0.4938923943331831 36
1638634669790 0.49084374659606544 37
1638634692702 0.4959323678776519 38
1638634715533 0.4949557695529202 39
1638634738378 0.4935321126468738 40
1638634761544 0.4935856680052385 41
1638634784153 0.49535557345485026 42
1638634808202 0.4984758193443334 43
1638634831485 0.4933857660714804 44
1638634854347 0.49748175107716963 45
1638634877208 0.4987639301299498 46
1638634900036 0.4963482097307474 47
1638634922766 0.49937566443761555 48
1638634945717 0.49717645674049166 49
1638634968529 0.4972139741476909 50
