1638633839467 2.435912047707032 1
1638633863038 2.1239580953658694 2
1638633886314 2.0314297530276963 3
1638633909639 1.9632097644084754 4
1638633933148 1.9263545076314041 5
1638633956465 1.8861015702249806 6
1638633979664 1.8646994605419807 7
1638634003046 1.8448229054999605 8
1638634026321 1.8330717466296658 9
1638634049676 1.8155454741409947 10
1638634073222 1.8077628695327932 11
1638634096127 1.8043181327684026 12
1638634119005 1.7929806479229367 13
1638634141819 1.7842001287904858 14
1638634164577 1.7826395558835135 15
1638634187418 1.7837371721573645 16
1638634210248 1.7769399202022893 17
1638634233092 1.771202690292953 18
1638634256204 1.7714272998514677 19
1638634278872 1.7644385501715207 20
1638634301575 1.7627571337970231 21
1638634324483 1.7627387262205017 22
1638634347232 1.7536919016935553 23
1638634370091 1.7574753072573561 24
1638634392908 1.7592328475227692 25
1638634415672 1.7496554135347058 26
1638634438567 1.7437637664078312 27
1638634461434 1.7489405990586855 28
1638634484162 1.7481795575117456 29
1638634507160 1.746334120687948 30
1638634530141 1.744450485799033 31
1638634553010 1.745529902976575 32
1638634576108 1.74141639608389 33
1638634600097 1.7414446466206501 34
1638634624160 1.7452159118680735 35
1638634646991 1.7400953909148145 36
1638634669785 1.7428572201095165 37
1638634692699 1.733289023724001 38
1638634715529 1.7367934757065964 39
1638634738375 1.7320531776960888 40
1638634761538 1.7389961835648593 41
1638634784149 1.7320004807202025 42
1638634808198 1.7322779001854183 43
1638634831481 1.7366523688085957 44
1638634854344 1.7311994214473734 45
1638634877204 1.7245246626629889 46
1638634900032 1.7314685980880424 47
1638634922762 1.7279540103002746 48
1638634945713 1.7236838206371092 49
1638634968525 1.7279614857549461 50
