1638529610020 0.3186124836778365 0
1638529639007 0.3563688700254253 0
1638529668883 0.37190238671495734 0
1638529698155 0.37977927464970274 0
1638529727713 0.38812931193781725 0
1638529757393 0.3879655742920892 0
1638529786988 0.39291383086601434 0
1638529816334 0.3936521070196449 0
1638529845837 0.3970189259575971 0
1638529874853 0.39802465969427475 0
1638529905461 0.39905894553730253 0
1638529935898 0.40104360897417013 0
1638529965937 0.4010278761731407 0
1638529995731 0.40276547642801536 0
1638530024702 0.40617366677763833 0
1638530053741 0.4064312185166199 0
1638530083386 0.4087532630890091 0
1638530112584 0.40391338801797416 0
1638530142251 0.4070045916331297 0
1638530171635 0.41098440706385353 0
1638530201213 0.40830400427641894 0
1638530230733 0.4047862669980595 0
1638530260588 0.40834712382685934 0
1638530290213 0.4096080784852794 0
1638530319464 0.40843161475451695 0
1638530348848 0.4073681940922158 0
1638530378373 0.40725981258932564 0
1638530407820 0.4098429050748748 0
1638530438091 0.40893856049273053 0
1638530468144 0.40881561158020374 0
1638530497463 0.40891583534334436 0
1638530527027 0.410432010992414 0
1638530556583 0.4111015289849629 0
1638530586803 0.4106761607131517 0
1638530615903 0.41189749206421694 0
1638530645319 0.40897002609478944 0
1638530676250 0.41050892689324525 0
1638530705296 0.4133134439501459 0
1638530733855 0.4122203057901019 0
1638530762191 0.4121527130204129 0
1638530790691 0.4096261420690944 0
1638530819305 0.40954339921129923 0
1638530847866 0.40945774285779524 0
1638530876284 0.40962847285188003 0
1638530904719 0.4088604792005065 0
1638530933979 0.4127150149014644 0
1638530962571 0.408023144675128 0
1638530991320 0.40750571041437933 0
1638531019773 0.41094361829619874 0
1638531048166 0.41267772234244154 0
1638531076580 0.4098464012835067 0
1638531105081 0.41088010441361134 0
1638531133671 0.410960516488621 0
1638531161945 0.41166965782297826 0
1638531190298 0.4131712660624113 0
1638531218803 0.41132528433909993 0
1638531247293 0.41050892689324525 0
1638531275822 0.4116638308660143 0
1638531304439 0.40983591272651804 0
1638531332964 0.4069649682913212 0
1638531361393 0.41224303093948805 0
1638531389821 0.41301626886935594 0
1638531418344 0.4095935111100963 0
1638531446708 0.4118467974869502 0
1638531475148 0.41267655695104877 0
1638531503649 0.4140359873027471 0
1638531532194 0.4118601995051941 0
1638531560611 0.41195517898984035 0
1638531589015 0.4138664227000551 0
1638531617430 0.4132184644654996 0
1638531645840 0.4095404857155905 0
1638531674304 0.40805810648581886 0
1638531702704 0.4099081670617782 0
1638531731149 0.4129644089006964 0
1638531759632 0.41315961214848335 0
1638531789367 0.41437453382966144 0
1638531817994 0.41063304119716487 0
1638531846375 0.4109797454638288 0
1638531874785 0.4122092345546436 0
1638531903351 0.4133979349122571 0
1638531932003 0.41295100688245256 0
1638531960478 0.41424575796017066 0
1638531988992 0.4089024333251005 0
1638532017445 0.4107833768246491 0
1638532046528 0.410455901533193 0
1638532075036 0.4135313723817726 0
1638532103816 0.4123094583177842 0
1638532133677 0.4115612763200881 0
1638532162971 0.41061497761334986 0
1638532192296 0.4134218254530361 0
1638532221343 0.4108521349857308 0
1638532249960 0.41150475478585746 0
1638532278395 0.41117844488579414 0
1638532306778 0.41061497761334986 0
1638532335253 0.40902188606344897 0
1638532363832 0.4112833302145059 0
1638532392916 0.4103597566571539 0
1638532421358 0.4113363555745582 0
1638532449841 0.41269811670904216 0
1638532478358 0.41033062183788055 0
