1638529610016 2.4792967120297167 0
1638529639002 2.3153298786362315 0
1638529668878 2.2548727242530826 0
1638529698151 2.2268025294849325 0
1638529727709 2.19984758140264 0
1638529757388 2.1864834131065405 0
1638529786984 2.165062972306365 0
1638529816330 2.1532573050416 0
1638529845833 2.151084526920572 0
1638529874849 2.136382962328101 0
1638529905457 2.133189747189899 0
1638529935893 2.125045184201231 0
1638529965932 2.1271226843099744 0
1638529995727 2.1188939475939064 0
1638530024697 2.1163863605271946 0
1638530053737 2.112043700753928 0
1638530083382 2.104445165001762 0
1638530112580 2.1155723268267352 0
1638530142246 2.10154379750241 0
1638530171630 2.097275932415158 0
1638530201207 2.1073226310978126 0
1638530230729 2.111173836497622 0
1638530260583 2.1018645464743764 0
1638530290208 2.0929928855690703 0
1638530319459 2.098176331536197 0
1638530348843 2.0957370903976895 0
1638530378368 2.0995632011162533 0
1638530407815 2.0982627249066548 0
1638530438085 2.099164035859069 0
1638530468140 2.098232459722048 0
1638530497458 2.096938797495359 0
1638530527022 2.0928224357434884 0
1638530556579 2.09217711608681 0
1638530586798 2.090415299698259 0
1638530615898 2.093446669914761 0
1638530645314 2.0949567858783738 0
1638530676245 2.0945953188250703 0
1638530705291 2.0875714131959153 0
1638530733851 2.0874963686308368 0
1638530762187 2.098099721911534 0
1638530790685 2.0951924696226665 0
1638530819301 2.097685896361551 0
1638530847861 2.0966191656803637 0
1638530876279 2.09959488672866 0
1638530904714 2.093465027494653 0
1638530933975 2.0909745781956053 0
1638530962567 2.095370040339004 0
1638530991316 2.1028048875763794 0
1638531019768 2.0920939237832235 0
1638531048161 2.083726233117142 0
1638531076575 2.0953539579873497 0
1638531105077 2.0940983409636136 0
1638531133667 2.0922892112145184 0
1638531161940 2.097266541088065 0
1638531190293 2.0820115319707813 0
1638531218798 2.090801941048591 0
1638531247288 2.0840405875051946 0
1638531275817 2.089382598532281 0
1638531304434 2.0918687057427894 0
1638531332960 2.1053784206308404 0
1638531361388 2.0878217225218956 0
1638531389817 2.0825970813152335 0
1638531418340 2.094186234468149 0
1638531446704 2.092074300896062 0
1638531475143 2.082457588573792 0
1638531503644 2.0805125344436717 0
1638531532188 2.0826202661441644 0
1638531560606 2.086429639197181 0
1638531589010 2.082641487194667 0
1638531617425 2.0810489413437767 0
1638531645835 2.090865103998118 0
1638531674299 2.090727552454568 0
1638531702699 2.0874483203169154 0
1638531731144 2.0887497784782125 0
1638531759627 2.0839461906315617 0
1638531789362 2.0795294649354017 0
1638531817989 2.0841012920461894 0
1638531846370 2.0904004558567233 0
1638531874780 2.0817544394989755 0
1638531903346 2.0837804847375785 0
1638531931998 2.0803497395191473 0
1638531960473 2.0810075399728136 0
1638531988987 2.092990368940244 0
1638532017440 2.0889326098972445 0
1638532046523 2.0847864618254333 0
1638532075031 2.0759885943209366 0
1638532103810 2.0876989088960487 0
1638532133672 2.0839935260706137 0
1638532162967 2.0923152462242935 0
1638532192291 2.0944030904251925 0
1638532221338 2.094284844350666 0
1638532249955 2.0874218287385995 0
1638532278391 2.0871748275172672 0
1638532306773 2.0880393909624164 0
1638532335248 2.089206218762575 0
1638532363828 2.0881955852233096 0
1638532392911 2.0896387933027842 0
1638532421353 2.0811316648599076 0
1638532449836 2.0833722134997514 0
1638532478353 2.0889496431954524 0
