1638487677543 0.3780906209366859 0
1638487703390 0.4653930868716598 0
1638487729287 0.49517410962567854 0
1638487755228 0.5215708325363997 0
1638487781154 0.5366143016801405 0
1638487806942 0.5504545030566309 0
1638487832821 0.5597391851375558 0
1638487858713 0.5719659005975448 0
1638487884656 0.5791779321053124 0
1638487910490 0.5836722683355299 0
1638487936208 0.5896705435190587 0
1638487962054 0.5953763052218222 0
1638487987881 0.604642923718932 0
1638488013935 0.6070692709415634 0
1638488039893 0.6112431241597743 0
1638488065719 0.6109541068187339 0
1638488091603 0.6188793585479604 0
1638488117702 0.6181964385716212 0
1638488143663 0.6260098125893256 0
1638488169377 0.6288201566376438 0
1638488195237 0.6323955808071732 0
1638488221049 0.6289961309102229 0
1638488246950 0.6366754848143958 0
1638488272818 0.6371800997353703 0
1638488298652 0.6399077008914397 0
1638488324470 0.6431061206525461 0
1638488350382 0.6448763518664189 0
1638488376310 0.6452399543255051 0
1638488402193 0.6488649076809084 0
1638488428036 0.6471523634271126 0
1638488453816 0.6494103114039912 0
1638488479717 0.65253064983842 0
1638488505582 0.6543935297541535 0
1638488531445 0.6543043771920176 0
1638488557351 0.6561276338003963 0
1638488583161 0.6557506293230663 0
1638488609149 0.6569812838052739 0
1638488635037 0.6606301277359097 0
1638488660892 0.6610962847064685 0
1638488686689 0.6651763238658794 0
1638488712569 0.6638250512883842 0
1638488738627 0.6639648983933333 0
1638488764445 0.6648319504164547 0
1638488790241 0.6646571415008148 0
1638488816013 0.6688117657782714 0
1638488841927 0.666662199304283 0
1638488867764 0.6683951379935865 0
1638488893686 0.6675292513274044 0
1638488919626 0.6715685017536142 0
1638488945382 0.6749702825022571 0
1638488971333 0.6742827008914396 0
1638488997155 0.6737780859704652 0
1638489023251 0.6761840387575888 0
1638489049089 0.6748053794651362 0
1638489074906 0.6768850223866502 0
1638489100726 0.6769922384636939 0
1638489126609 0.6766851575388385 0
1638489152721 0.6804785101399945 0
1638489178836 0.6821665812089953 0
1638489205176 0.6786663248015277 0
1638489231461 0.6812913714116708 0
1638489257597 0.6831723149112194 0
1638489283534 0.6828436742628241 0
1638489309284 0.6798993101009744 0
1638489335137 0.6809085400118304 0
1638489360911 0.6821799832272392 0
1638489386896 0.6823763518664189 0
1638489412696 0.6843645114430114 0
1638489438572 0.6862600223866502 0
1638489464470 0.6859022468500744 0
1638489490384 0.6924435949739004 0
1638489516520 0.6839082602820644 0
1638489542271 0.6860782211226535 0
1638489568130 0.6867646373076246 0
1638489593976 0.6843464478591963 0
1638489619994 0.6902555705494964 0
1638489645916 0.689851179357209 0
1638489671648 0.6907071601448721 0
1638489697453 0.6878845795041564 0
1638489723231 0.6869464385716212 0
1638489749123 0.6893861877435894 0
1638489774927 0.6898570063486265 0
1638489800740 0.6894007551876796 0
1638489826505 0.6894223149112194 0
1638489852398 0.6933362856765704 0
1638489878332 0.6924727297931738 0
1638489904289 0.6915369196434241 0
1638489930316 0.6916814283139444 0
1638489956175 0.6926883274420148 0
1638489981996 0.6907700913489898 0
1638490007904 0.6977292326833472 0
1638490033737 0.6910264777310322 0
1638490059525 0.6912682966689843 0
1638490085318 0.690613346086072 0
1638490111238 0.6961046755658409 0
1638490137123 0.6911674901929205 0
1638490162985 0.6970970072498212 0
1638490188804 0.6933986341333114 0
1638490214785 0.6986131829333443 0
1638490240703 0.695128076613983 0
