1638487677537 2.2359332022981593 0
1638487703385 1.877476973654893 0
1638487729281 1.7377578879642916 0
1638487755222 1.635322238058905 0
1638487781149 1.5736177569366296 0
1638487806936 1.5230194810870619 0
1638487832816 1.4825263914898286 0
1638487858707 1.4408835297945013 0
1638487884650 1.4117986359778016 0
1638487910485 1.3939784835936986 0
1638487936202 1.3665751272855478 0
1638487962048 1.3547154377328452 0
1638487987875 1.321151174881359 0
1638488013929 1.3052481034620491 0
1638488039887 1.2920338827486761 0
1638488065713 1.2839870473015889 0
1638488091597 1.2655617410982742 0
1638488117696 1.262781727558977 0
1638488143657 1.238383626150133 0
1638488169371 1.2396210992353727 0
1638488195228 1.217584346915635 0
1638488221043 1.2184028358012344 0
1638488246944 1.2069249579053962 0
1638488272812 1.1993435479163659 0
1638488298647 1.1872918569563544 0
1638488324464 1.184119466461731 0
1638488350376 1.1775665750434936 0
1638488376304 1.1696264118574002 0
1638488402187 1.1557255676942535 0
1638488428030 1.1567924514318346 0
1638488453810 1.1495363448637779 0
1638488479712 1.1434585555685222 0
1638488505576 1.1397962383599354 0
1638488531439 1.131370949079828 0
1638488557345 1.1289303638585737 0
1638488583154 1.1285989547229582 0
1638488609143 1.1238507589603626 0
1638488635031 1.1174679957167957 0
1638488660886 1.1047575694333467 0
1638488686684 1.1012013225614716 0
1638488712563 1.0999252061960911 0
1638488738621 1.104910892352761 0
1638488764439 1.0945081204153864 0
1638488790235 1.093876565149321 0
1638488816008 1.093675782468625 0
1638488841921 1.087294694790299 0
1638488867758 1.0827711862509997 0
1638488893680 1.0870873069901943 0
1638488919620 1.075831312363347 0
1638488945376 1.0722488958344734 0
1638488971327 1.071909248252524 0
1638488997149 1.0656927894886212 0
1638489023245 1.0612476646769822 0
1638489049082 1.063398118874665 0
1638489074899 1.0583211915282331 0
1638489100720 1.0585747256845142 0
1638489126604 1.056866159283221 0
1638489152714 1.0450373791531355 0
1638489178830 1.0447538931893745 0
1638489205170 1.0469594909580853 0
1638489231455 1.0448803299603722 0
1638489257592 1.0379532419644308 0
1638489283528 1.038636394104849 0
1638489309278 1.0400883904193245 0
1638489335131 1.0404718239156967 0
1638489360905 1.0389058130320112 0
1638489386890 1.0365241062337986 0
1638489412690 1.0289754464982386 0
1638489438566 1.0244400588492244 0
1638489464464 1.0307859026567168 0
1638489490377 1.0120930122686436 0
1638489516514 1.0325892571674515 0
1638489542265 1.0244218431755088 0
1638489568125 1.0258651959621803 0
1638489593969 1.032098638465615 0
1638489619988 1.0129820361356645 0
1638489645911 1.0112946603119224 0
1638489671642 1.0144167811161657 0
1638489697447 1.0163647152849347 0
1638489723225 1.0251441379685153 0
1638489749117 1.0146558516403938 0
1638489774921 1.0152274336268812 0
1638489800733 1.004006883400254 0
1638489826499 1.01154470301089 0
1638489852392 1.0029520807518413 0
1638489878325 1.006582522527153 0
1638489904281 1.0097253916223805 0
1638489930310 1.0091173981412354 0
1638489956168 0.9997417987204194 0
1638489981990 1.0055026533068157 0
1638490007898 0.9922595006397817 0
1638490033731 1.0032147561320706 0
1638490059519 1.0074082589376574 0
1638490085312 1.0029596609906126 0
1638490111232 0.9969900242882892 0
1638490137117 1.0043559982406605 0
1638490162978 0.9882917548901393 0
1638490188798 1.0002882689900683 0
1638490214779 0.9899569164580408 0
1638490240693 0.98888993961022 0
