1638643550155 0.30158730158730157 0
1638643613054 0.36507936507936506 1
1638643675993 0.38095238095238093 2
1638643738908 0.38095238095238093 3
1638643801695 0.38095238095238093 4
1638643864571 0.36507936507936506 5
1638643927271 0.36507936507936506 6
1638643989977 0.3968253968253968 7
1638644050934 0.3492063492063492 8
1638644110096 0.42857142857142855 9
1638644169392 0.47619047619047616 10
1638644228891 0.3968253968253968 11
1638644288308 0.3968253968253968 12
1638644347623 0.3333333333333333 13
1638644406823 0.42857142857142855 14
1638644466283 0.4126984126984127 15
1638644525689 0.4603174603174603 16
1638644584865 0.4603174603174603 17
1638644644010 0.4126984126984127 18
1638644703236 0.4603174603174603 19
1638644762630 0.49206349206349204 20
1638644821957 0.49206349206349204 21
1638644881163 0.5079365079365079 22
1638644940327 0.49206349206349204 23
1638644999304 0.42857142857142855 24
1638645058558 0.47619047619047616 25
1638645117588 0.4126984126984127 26
1638645176643 0.49206349206349204 27
1638645235650 0.47619047619047616 28
1638645294863 0.5079365079365079 29
1638645354146 0.47619047619047616 30
1638645413582 0.5396825396825397 31
1638645472714 0.5079365079365079 32
1638645532079 0.4444444444444444 33
1638645591647 0.3968253968253968 34
1638645651640 0.5238095238095238 35
