1638643550164 63.227476596832275 0
1638643613063 62.573251247406006 1
1638643676002 62.65351843833923 2
1638643738917 62.624592781066895 3
1638643801705 62.51389408111572 4
1638643864581 62.5911750793457 5
1638643927280 62.402682065963745 6
1638643989986 62.407686710357666 7
1638644050943 60.65198516845703 8
1638644110104 58.91154408454895 9
1638644169404 58.99879026412964 10
1638644228900 59.21570587158203 11
1638644288317 59.12345910072327 12
1638644347632 59.014256954193115 13
1638644406832 58.93196964263916 14
1638644466300 59.18029427528381 15
1638644525698 59.091543436050415 16
1638644584875 58.90354537963867 17
1638644644019 58.8507125377655 18
1638644703254 58.94894218444824 19
1638644762646 59.08208441734314 20
1638644821966 59.0671124458313 21
1638644881172 58.95440483093262 22
1638644940337 58.856162309646606 23
1638644999313 58.68910050392151 24
1638645058567 58.93843460083008 25
1638645117597 58.745457887649536 26
1638645176653 58.78285050392151 27
1638645235659 58.73896789550781 28
1638645294872 58.958380699157715 29
1638645354155 58.994285345077515 30
1638645413591 59.102994203567505 31
1638645472723 58.859644651412964 32
1638645532088 59.10598635673523 33
1638645591656 59.287009716033936 34
1638645651649 59.68743181228638 35
