1638643550162 0.0009203865623561895 0
1638643613060 0.0008524422470377632 1
1638643675999 0.0007938398031277289 2
1638643738914 0.0007427764985515858 3
1638643801702 0.0006978854072161351 4
1638643864578 0.0006581112207963146 5
1638643927277 0.000622626237469647 6
1638643989983 0.0005907721391859161 7
1638644050941 0.0005620187714269657 8
1638644110102 0.0005359344016292407 9
1638644169401 0.0005121638924455825 10
1638644228897 0.0004904124368593987 11
1638644288314 0.00047043326904078653 12
1638644347629 0.00045201826153776616 13
1638644406829 0.00043499064770107437 14
1638644466289 0.0004191993292810731 15
1638644525695 0.00040451438048622626 16
1638644584872 0.00039082346504084106 17
1638644644016 0.00037802895701810764 18
1638644703251 0.0003660456092829166 19
1638644762644 0.0003547986517651233 20
1638644821963 0.00034422222987160513 21
1638644881169 0.0003342581141157202 22
1638644940334 0.0003248546275541695 23
1638644999310 0.0003159657493127745 24
1638645058564 0.00030755036137167463 25
1638645117595 0.00029957161259399056 26
1638645176650 0.00029199637924489735 27
1638645235656 0.00028479480534275055 28
1638645294869 0.00027793990939158953 29
1638645354152 0.00027140724657348346 30
1638645413588 0.00026517461748561426 31
1638645472720 0.00025922181610804363 32
1638645532085 0.0002535304109727962 33
1638645591653 0.0002480835545411695 34
1638645651646 0.00024286581663630848 35
