1638643550158 2.5351378192565255 0
1638643613057 2.5987134679394326 1
1638643675997 2.387327193468255 2
1638643738911 2.265540115048998 3
1638643801699 2.204261568846381 4
1638643864575 2.2934877182519737 5
1638643927274 2.32728091604044 6
1638643989980 2.2164889487278017 7
1638644050938 2.2176518258676823 8
1638644110099 2.0894344775406704 9
1638644169398 2.0761039021956056 10
1638644228894 2.089462606757326 11
1638644288311 2.189965696805603 12
1638644347626 2.114066959339611 13
1638644406826 2.0372842918003404 14
1638644466287 2.131367180951612 15
1638644525692 2.059436521999258 16
1638644584869 2.130599182997028 17
1638644644014 2.2919296790898365 18
1638644703247 1.8769376909848854 19
1638644762633 1.894013839558516 20
1638644821960 1.9751397095988905 21
1638644881166 1.8645923077686475 22
1638644940331 1.858131407527816 23
1638644999307 1.9444800212004225 24
1638645058561 1.950474730814336 25
1638645117592 1.9409348670390043 26
1638645176646 1.831167945983392 27
1638645235653 1.8321486522043091 28
1638645294866 1.890435143906732 29
1638645354149 2.067713709949398 30
1638645413585 1.7703535840063473 31
1638645472717 1.7381442391345197 32
1638645532082 1.8145612968767602 33
1638645591650 2.136601490861101 34
1638645651644 1.605457676444023 35
