1638503249185 0.38343394553730253 0
1638503277512 0.4700196951110928 0
1638503306187 0.5093044937690558 0
1638503334709 0.5316345795041564 0
1638503363262 0.5519164879887091 0
1638503391626 0.5663323932300414 0
1638503419974 0.5771583069266611 0
1638503448569 0.5875943968061766 0
1638503477037 0.5984360432349188 0
1638503505432 0.6046679796511039 0
1638503533733 0.6140983358283952 0
1638503562060 0.6219402619869033 0
1638503590409 0.6236685390417287 0
1638503618827 0.6307244079650483 0
1638503647051 0.6367599757420535 0
1638503675369 0.6419488858625378 0
1638503703754 0.6434132015774016 0
1638503732294 0.6497162269030003 0
1638503760801 0.651489954325505 0
1638503789094 0.6549500046437875 0
1638503817414 0.656605444684883 0
1638503845879 0.665249743626986 0
1638503874273 0.6634457160282686 0
1638503902812 0.6701980001664575 0
1638503931153 0.672168096228142 0
1638503959500 0.6728964665032535 0
1638503987829 0.6769957346723259 0
1638504016337 0.6797233358283953 0
1638504044747 0.680699934711346 0
1638504073024 0.6800076916038645 0
1638504101356 0.6864068618399559 0
1638504129684 0.6890080179093201 0
1638504158199 0.6884288178013929 0
1638504186570 0.6917548480061437 0
1638504215006 0.6926195692464795 0
1638504243352 0.6954520557657142 0
1638504272012 0.6985467555205946 0
1638504300435 0.6991212940629508 0
1638504329182 0.6987104932007762 0
1638504357482 0.7037275079357831 0
1638504385929 0.700745851180457 0
1638504414393 0.7068041441068484 0
1638504442914 0.7029362063876466 0
1638504471263 0.7067598592339224 0
1638504499573 0.7085563117369061 0
1638504528001 0.7101004568138564 0
1638504556499 0.7127604652002367 0
1638504584910 0.7088406675123755 0
1638504613238 0.7147258996963501 0
1638504641748 0.7111516408837599 0
1638504670120 0.7164838942489183 0
1638504698560 0.7144176533456482 0
1638504726889 0.7160602741158767 0
1638504755225 0.7157974780639472 0
1638504783557 0.7191380757127883 0
1638504811900 0.7166080085528379 0
1638504840311 0.7199824025865235 0
1638504868691 0.7199870641520947 0
1638504897017 0.720289483511379 0
1638504925430 0.7232915345643987 0
1638504953816 0.7219921219555628 0
1638504982270 0.7221197323992073 0
1638505010640 0.7263297128539554 0
1638505038947 0.7259492121679935 0
1638505067315 0.724212777338965 0
1638505095768 0.725225503458453 0
1638505124249 0.7285468720976328 0
1638505152536 0.7276833162142362 0
1638505180823 0.7295019112570438 0
1638505209149 0.7269380477122489 0
1638505238159 0.7280976132850426 0
1638505266981 0.7282986434897936 0
1638505295241 0.730771023689667 0
1638505323563 0.7343318804840132 0
1638505351990 0.7283505034584531 0
1638505380381 0.7298474501323149 0
1638505408825 0.7337934691092871 0
1638505437102 0.7312721424709165 0
1638505465538 0.7341512446458629 0
1638505493888 0.7340958884685714 0
1638505522503 0.7361743660331461 0
1638505550917 0.732506293092849 0
1638505579325 0.7334240397276905 0
1638505607619 0.7371329013322819 0
1638505636075 0.7340766595278172 0
1638505664515 0.7366008996963501 0
1638505692989 0.7356796569217836 0
1638505721297 0.7353568431958987 0
1638505749672 0.7359925647691495 0
1638505778064 0.7362600223866501 0
1638505806484 0.7390295776328599 0
1638505834864 0.7416307337022241 0
1638505863103 0.7370017946800056 0
1638505891516 0.736819993484916 0
1638505919976 0.7393535567845912 0
1638505948499 0.7387213313510652 0
1638505976706 0.7391898191044096 0
1638506005025 0.7422606283529646 0
1638506033521 0.7436829899087807 0
1638506061904 0.7418777969531242 0
