1638503249179 2.226722467369464 0
1638503277506 1.849831104573749 0
1638503306182 1.6934117661242625 0
1638503334703 1.5996870450868192 0
1638503363256 1.5215677161347478 0
1638503391620 1.4599526335959652 0
1638503419968 1.4260265166956811 0
1638503448563 1.379610234606386 0
1638503477031 1.3363253136960314 0
1638503505426 1.3099207541343911 0
1638503533727 1.287771925976282 0
1638503562054 1.254523042431128 0
1638503590403 1.2432708429170245 0
1638503618821 1.2135521813768975 0
1638503647045 1.1925711370331933 0
1638503675363 1.1779185835430506 0
1638503703748 1.1732567589108076 0
1638503732288 1.1484533418473923 0
1638503760795 1.138300986000137 0
1638503789089 1.1174591430033738 0
1638503817401 1.1178597543650999 0
1638503845873 1.0962709510104673 0
1638503874267 1.0936529280804241 0
1638503902806 1.0747690371344736 0
1638503931147 1.063195928142372 0
1638503959494 1.0618393832115163 0
1638503987823 1.0476979281900287 0
1638504016331 1.0468265481656391 0
1638504044741 1.0338709175038348 0
1638504073018 1.0378275734574114 0
1638504101350 1.013898272722653 0
1638504129678 1.0081346922550187 0
1638504158192 1.0123120333969702 0
1638504186564 0.99676724671154 0
1638504215000 0.9967169594533734 0
1638504243346 0.9904048108161686 0
1638504272006 0.9798096243607815 0
1638504300429 0.978920886678901 0
1638504329176 0.978907170141573 0
1638504357476 0.959566390615426 0
1638504385924 0.9712178781565316 0
1638504414388 0.9508400386720877 0
1638504442907 0.9601482875138957 0
1638504471257 0.951798381219274 0
1638504499567 0.9546472865270806 0
1638504527995 0.9330980356962519 0
1638504556493 0.9367233508946715 0
1638504584905 0.9428978429952944 0
1638504613232 0.9239385930696836 0
1638504641742 0.9325058155387577 0
1638504670114 0.9217366364480685 0
1638504698554 0.9226811564910017 0
1638504726883 0.9223062926078042 0
1638504755219 0.9254012680108439 0
1638504783550 0.909575744036736 0
1638504811894 0.9161702336073417 0
1638504840304 0.9171852075534569 0
1638504868685 0.9057852734688067 0
1638504897011 0.9049036003502315 0
1638504925424 0.9035185203875958 0
1638504953810 0.9009730752422784 0
1638504982263 0.902357145345353 0
1638505010634 0.8864129953285544 0
1638505038941 0.8910354898455844 0
1638505067309 0.8871566447042654 0
1638505095762 0.8907139714622984 0
1638505124243 0.8749755501923812 0
1638505152529 0.8809149647564003 0
1638505180817 0.871998375986357 0
1638505209143 0.8894278988276354 0
1638505238152 0.8818116187499886 0
1638505266975 0.8808643437889278 0
1638505295235 0.8754207853400292 0
1638505323557 0.8612727202574857 0
1638505351984 0.8786748187406694 0
1638505380375 0.8731274964900904 0
1638505408819 0.8594268163833484 0
1638505437096 0.8616822928140137 0
1638505465531 0.8645575486935184 0
1638505493882 0.8647177563420859 0
1638505522497 0.8583497094839134 0
1638505550911 0.8683588544080962 0
1638505579319 0.8627494796209653 0
1638505607613 0.857785433397759 0
1638505636069 0.8564270976461215 0
1638505664508 0.8593708172119758 0
1638505692983 0.8540148542077601 0
1638505721290 0.8554631762422961 0
1638505749666 0.8543640107747577 0
1638505778058 0.8500368646349652 0
1638505806478 0.8444467931783859 0
1638505834858 0.8388037168820418 0
1638505863096 0.8509756850304703 0
1638505891510 0.844229216452981 0
1638505919970 0.8493973173865383 0
1638505948493 0.8495087331029572 0
1638505976700 0.8450571526268367 0
1638506005019 0.8391511162674394 0
1638506033515 0.8332619727943105 0
1638506061897 0.8400893199643551 0
