1638653822810 0.2698412698412698 0
1638653883016 0.3492063492063492 1
1638653943079 0.3333333333333333 2
1638654003184 0.3492063492063492 3
1638654063580 0.36507936507936506 4
1638654123634 0.38095238095238093 5
1638654183808 0.4444444444444444 6
1638654244945 0.4444444444444444 7
1638654306109 0.38095238095238093 8
1638654366430 0.3968253968253968 9
1638654426633 0.31746031746031744 10
1638654486891 0.3968253968253968 11
1638654547226 0.4126984126984127 12
1638654608866 0.4126984126984127 13
1638654672072 0.3968253968253968 14
1638654734306 0.36507936507936506 15
1638654796390 0.38095238095238093 16
1638654861877 0.4126984126984127 17
1638654925452 0.42857142857142855 18
1638654989770 0.42857142857142855 19
1638655054022 0.49206349206349204 20
1638655121592 0.38095238095238093 21
1638655186162 0.38095238095238093 22
1638655253270 0.3492063492063492 23
1638655315500 0.36507936507936506 24
1638655379496 0.36507936507936506 25
1638655442915 0.42857142857142855 26
1638655502939 0.4126984126984127 27
1638655562767 0.3968253968253968 28
1638655622476 0.38095238095238093 29
1638655682220 0.38095238095238093 30
1638655741980 0.4603174603174603 31
1638655801708 0.3492063492063492 32
1638655861538 0.38095238095238093 33
1638655921274 0.47619047619047616 34
1638655981068 0.4603174603174603 35
1638656041036 0.36507936507936506 36
1638656100830 0.4444444444444444 37
1638656160778 0.3968253968253968 38
1638656220790 0.4126984126984127 39
1638656280588 0.47619047619047616 40
1638656340344 0.3968253968253968 41
1638656400670 0.4603174603174603 42
1638656460852 0.3333333333333333 43
1638656520604 0.42857142857142855 44
1638656580386 0.4603174603174603 45
1638656640088 0.42857142857142855 46
1638656699939 0.5079365079365079 47
1638656759809 0.4444444444444444 48
1638656819581 0.4603174603174603 49
1638656879308 0.49206349206349204 50
1638656939038 0.4603174603174603 51
1638656998728 0.3968253968253968 52
1638657058619 0.49206349206349204 53
1638657118301 0.5079365079365079 54
1638657178063 0.3968253968253968 55
1638657237828 0.4444444444444444 56
1638657297622 0.31746031746031744 57
1638657357524 0.4603174603174603 58
1638657417261 0.4603174603174603 59
1638657477061 0.3333333333333333 60
1638657537235 0.36507936507936506 61
1638657596925 0.5079365079365079 62
1638657656852 0.42857142857142855 63
1638657716551 0.47619047619047616 64
1638657776316 0.42857142857142855 65
1638657836001 0.4126984126984127 66
1638657895727 0.4444444444444444 67
1638657955553 0.38095238095238093 68
