1638653822819 60.70322299003601 0
1638653883024 59.90185809135437 1
1638653943087 59.80063605308533 2
1638654003193 59.82703685760498 3
1638654063588 60.126259088516235 4
1638654123642 59.79713845252991 5
1638654183816 59.90535759925842 6
1638654244955 60.8807475566864 7
1638654306118 60.88522982597351 8
1638654366439 60.056445598602295 9
1638654426643 59.945741415023804 10
1638654486899 59.99062156677246 11
1638654547234 60.07439708709717 12
1638654608876 61.36993360519409 13
1638654672081 62.89385986328125 14
1638654734317 61.92446851730347 15
1638654796399 61.73395895957947 16
1638654861886 65.22466468811035 17
1638654925462 63.30566716194153 18
1638654989779 64.04136538505554 19
1638655054031 63.943565368652344 20
1638655121604 67.23376560211182 21
1638655186171 64.22530007362366 22
1638655253280 66.8388204574585 23
1638655315510 61.90254330635071 24
1638655379507 63.64939856529236 25
1638655442924 63.057937145233154 26
1638655502948 59.74494028091431 27
1638655562776 59.53385591506958 28
1638655622485 59.42364454269409 29
1638655682232 59.4380989074707 30
1638655741989 59.35183620452881 31
1638655801718 59.438098192214966 32
1638655861548 59.53583765029907 33
1638655921283 59.44808769226074 34
1638655981077 59.46652817726135 35
1638656041045 59.65850853919983 36
1638656100839 59.49594330787659 37
1638656160787 59.662498235702515 38
1638656220800 59.71436023712158 39
1638656280597 59.51489329338074 40
1638656340354 59.452094316482544 41
1638656400680 59.99411964416504 42
1638656460860 59.84700536727905 43
1638656520613 59.45655822753906 44
1638656580395 59.49046468734741 45
1638656640097 59.36130404472351 46
1638656699951 59.529853105545044 47
1638656759819 59.51489281654358 48
1638656819590 59.45405554771423 49
1638656879318 59.44109058380127 50
1638656939047 59.409175872802734 51
1638656998737 59.407687187194824 52
1638657058628 59.60764527320862 53
1638657118311 59.38674306869507 54
1638657178073 59.45256757736206 55
1638657237837 59.46901607513428 56
1638657297632 59.50990605354309 57
1638657357533 59.60664749145508 58
1638657417271 59.4450798034668 59
1638657477070 59.491461992263794 60
1638657537244 59.87592792510986 61
1638657596934 59.38823199272156 62
1638657656861 59.64354920387268 63
1638657716560 59.412946939468384 64
1638657776325 59.481491565704346 65
1638657836011 59.373287200927734 66
1638657895737 59.43011927604675 67
1638657955563 59.5388445854187 68
