1638653822816 0.0005361930294906167 0
1638653883022 0.00036616623947272064 1
1638653943084 0.00027800945232137893 2
1638654003190 0.0002240645305848084 3
1638654063586 0.00018765246762994934 4
1638654123639 0.00016142050040355123 5
1638654183814 0.000141622999575131 6
1638654244952 0.00012615112905260502 7
1638654306115 0.00011372682815876267 8
1638654366436 0.00010353038616834041 9
1638654426639 9.501187648456056e-05 10
1638654486897 8.778860503906592e-05 11
1638654547232 8.158603247124092e-05 12
1638654608873 7.620208793720948e-05 13
1638654672078 7.148473800843519e-05 14
1638654734312 6.731740154830025e-05 15
1638654796396 6.360918516633803e-05 16
1638654861883 6.028817748839453e-05 17
1638654925459 5.72967398155045e-05 18
1638654989776 5.458813253998581e-05 19
1638655054028 5.212405525149857e-05 20
1638655121600 4.9872824298039995e-05 21
1638655186169 4.78080030597122e-05 22
1638655253277 4.590735894963963e-05 23
1638655315507 4.4152059693584704e-05 24
1638655379503 4.25260472039124e-05 25
1638655442921 4.101554489151389e-05 26
1638655502945 3.960866637620311e-05 27
1638655562773 3.8295102056446985e-05 28
1638655622482 3.7065866043960116e-05 29
1638655682229 3.591309032142216e-05 30
1638655741986 3.4829856152694084e-05 31
1638655801714 3.381005511038983e-05 32
1638655861545 3.284827382321059e-05 33
1638655921280 3.1939697850458335e-05 34
1638655981074 3.108003108003109e-05 35
1638656041042 3.0265427801821975e-05 36
1638656100836 2.9492435190373665e-05 37
1638656160784 2.8757944382135565e-05 38
1638656220797 2.8059148685428885e-05 39
1638656280594 2.7393507738665934e-05 40
1638656340351 2.6758716651949373e-05 41
1638656400677 2.615267934199859e-05 42
1638656460857 2.5573485410326572e-05 43
1638656520610 2.5019390027271136e-05 44
1638656580392 2.4488796375658137e-05 45
1638656640094 2.3980240282007626e-05 46
1638656699946 2.3492376723753143e-05 47
1638656759816 2.3023967950636615e-05 48
1638656819587 2.2573872999390506e-05 49
1638656879315 2.214103841470165e-05 50
1638656939044 2.1724490017596836e-05 51
1638656998734 2.1323325585858373e-05 52
1638657058625 2.0936708330716246e-05 53
1638657118308 2.0563861070554607e-05 54
1638657178070 2.0204061016264268e-05 55
1638657237834 1.9856635094616865e-05 56
1638657297629 1.9520955745993323e-05 57
1638657357530 1.919643714126658e-05 58
1638657417268 1.8882531769859703e-05 59
1638657477067 1.8578727357176033e-05 60
1638657537241 1.8284544074893492e-05 61
1638657596932 1.7999532012167683e-05 62
1638657656858 1.7723268879712176e-05 63
1638657716558 1.7455357922114193e-05 64
1638657776322 1.7195426016679565e-05 65
1638657836008 1.69431219396486e-05 66
1638657895734 1.669811478284102e-05 67
1638657955560 1.6460092505719883e-05 68
