1638653822813 2.6899903191999646 0
1638653883019 2.383319974683744 1
1638653943082 2.4988534594146685 2
1638654003187 2.441647080932329 3
1638654063583 2.211082353859738 4
1638654123637 2.3457883007614138 5
1638654183811 2.300003198382436 6
1638654244949 2.2066340105033486 7
1638654306113 2.3507088374424203 8
1638654366433 2.2852445631863723 9
1638654426636 2.2367179174878715 10
1638654486894 2.1878964052275056 11
1638654547229 2.216774782562724 12
1638654608870 2.1618483538441304 13
1638654672075 2.117329878830373 14
1638654734309 2.059899604303564 15
1638654796393 2.156288395119382 16
1638654861880 2.126474339360838 17
1638654925456 2.1242322759220817 18
1638654989773 2.139915910213511 19
1638655054025 2.0981304697278373 20
1638655121596 2.241364157193521 21
1638655186165 2.2994813398331053 22
1638655253273 2.1893383582716854 23
1638655315504 2.263764192648413 24
1638655379500 2.2045401414796326 25
1638655442918 2.1582720147056875 26
1638655502942 2.1054208162655206 27
1638655562770 2.0720498341780536 28
1638655622479 2.0541753545148866 29
1638655682224 2.170333071246005 30
1638655741983 2.09392186424911 31
1638655801711 2.190819903577627 32
1638655861542 2.0592981799049253 33
1638655921277 2.074077197468439 34
1638655981071 2.2052265579305845 35
1638656041039 2.1949518477693233 36
1638656100833 2.0891163177422314 37
1638656160781 2.0467934373017886 38
1638656220794 2.0367443034780526 39
1638656280591 1.9361349772875105 40
1638656340348 2.222431752198912 41
1638656400674 2.1980559797781924 42
1638656460855 2.0556963817113783 43
1638656520607 1.9150216933314665 44
1638656580389 2.1115648371263376 45
1638656640091 1.9392813290054303 46
1638656699942 1.963458790736539 47
1638656759813 2.044142105559925 48
1638656819584 1.8916964525155158 49
1638656879312 1.9358470831557777 50
1638656939041 2.0180672485659095 51
1638656998731 2.0714110189802493 52
1638657058622 1.8220593732549926 53
1638657118305 1.9216676414059273 54
1638657178067 2.1445663690330496 55
1638657237831 1.986381006085635 56
1638657297626 2.148680528861208 57
1638657357527 2.0757498251456687 58
1638657417265 2.037433206292281 59
1638657477064 2.131849977009176 60
1638657537238 2.1274029599097224 61
1638657596929 1.9309095786781973 62
1638657656855 1.9608462673642268 63
1638657716554 2.0089041522397344 64
1638657776319 2.0531770488128505 65
1638657836005 1.9690590652464108 66
1638657895731 2.0754671477072284 67
1638657955557 2.0848052948530507 68
