1638967441062 0.12903225806451613 0
1638969114714 0.12903225806451613 1
1638970945489 0.12903225806451613 2
1638972609897 0.12903225806451613 3
1638974360939 0.22580645161290322 4
1638976034439 0.1935483870967742 5
1638977718401 0.22580645161290322 6
1638979378650 0.0967741935483871 7
1638981090768 0.12903225806451613 8
1638982772213 0.25806451612903225 9
1638984441811 0.16129032258064516 10
1638986120678 0.2903225806451613 11
1638987775004 0.22580645161290322 12
1638989458979 0.16129032258064516 13
1638991099098 0.12903225806451613 14
1638992700780 0.22580645161290322 15
1638994255930 0.41935483870967744 16
1638995848225 0.1935483870967742 17
1638997434313 0.1935483870967742 18
1638998991307 0.16129032258064516 19
1639000387623 0.12903225806451613 20
1639001701348 0.0967741935483871 21
1639003022864 0.16129032258064516 22
