1638967441075 1575.1484680175781 0
1638969114727 1629.5326340198517 1
1638970945499 1784.1701328754425 2
1638972609909 1615.3394742012024 3
1638974360951 1700.9081809520721 4
1638976034451 1624.1159009933472 5
1638977718413 1636.7891252040863 6
1638979378665 1612.0622634887695 7
1638981090779 1664.977287054062 8
1638982772230 1631.4220011234283 9
1638984441823 1621.5723791122437 10
1638986120694 1630.2970423698425 11
1638987775020 1606.7903413772583 12
1638989458991 1635.6425273418427 13
1638991099113 1590.9719107151031 14
1638992700793 1552.7153952121735 15
1638994255942 1509.3000011444092 16
1638995848238 1547.1103818416595 17
1638997434325 1540.171443939209 18
1638998991319 1512.2939949035645 19
1639000387635 1356.4501638412476 20
1639001701359 1275.7998044490814 21
1639003022875 1283.7344238758087 22
