1638967441071 0.003 0
1638969114722 0.003 1
1638970945496 0.003 2
1638972609905 0.003 3
1638974360947 0.003 4
1638976034447 0.003 5
1638977718409 0.003 6
1638979378660 0.003 7
1638981090776 0.003 8
1638982772224 0.003 9
1638984441819 0.003 10
1638986120688 0.003 11
1638987775014 0.003 12
1638989458987 0.003 13
1638991099108 0.003 14
1638992700788 0.003 15
1638994255938 0.003 16
1638995848233 0.003 17
1638997434321 0.003 18
1638998991316 0.003 19
1639000387632 0.003 20
1639001701356 0.003 21
1639003022871 0.003 22
