1638967441067 3.188254263994621 0
1638969114718 3.180483526270561 1
1638970945493 3.253494935821742 2
1638972609901 3.3800723031675086 3
1638974360944 3.0246192696821677 4
1638976034443 2.85272916840777 5
1638977718405 2.9043861113552096 6
1638979378655 3.0792730627408336 7
1638981090772 3.1590752744967143 8
1638982772218 3.066897375265358 9
1638984441815 2.8321331038534336 10
1638986120684 2.951060155532566 11
1638987775009 3.142585206355131 12
1638989458982 2.9727153541265094 13
1638991099103 2.9263733554057065 14
1638992700784 2.8266574692956685 15
1638994255934 2.505036409727506 16
1638995848229 2.999004883175166 17
1638997434317 2.976799340918493 18
1638998991312 3.0751865604127784 19
1639000387626 2.9831054444565637 20
1639001701352 3.371155400835377 21
1639003022868 3.020747411653581 22
