1638477273315 0.33753088288913574 0
1638477299026 0.41661325283133227 0
1638477324731 0.4504364394728159 0
1638477350438 0.4646973475555464 0
1638477376120 0.48011374232396914 0
1638477401858 0.49445389705586296 0
1638477427581 0.5015866818800138 0
1638477453300 0.5134579526206662 0
1638477478918 0.5164757365436223 0
1638477504787 0.521876748104316 0
1638477530479 0.5309254381697991 0
1638477556233 0.5337276244439142 0
1638477581817 0.5382615839814864 0
1638477607404 0.5456122972372639 0
1638477633278 0.5486638774761575 0
1638477658913 0.5535025871557997 0
1638477684666 0.5531978370137297 0
1638477710246 0.557610013030168 0
1638477736026 0.5608725293523315 0
1638477761731 0.5638623438129535 0
1638477787374 0.5647765942391633 0
1638477813107 0.5682459677574951 0
1638477838689 0.5729966903008478 0
1638477864315 0.5704654577495045 0
1638477889993 0.5763530206818112 0
1638477915774 0.5755279228177373 0
1638477941632 0.5787927698882329 0
1638477967273 0.5815058036346656 0
1638477992961 0.5817010068824525 0
1638478018627 0.5830930682276025 0
1638478044438 0.5861516408837599 0
1638478070100 0.5877220072498212 0
1638478095800 0.5877592998432976 0
1638478122202 0.5920776617320287 0
1638478148974 0.5904787432251638 0
1638478174752 0.5923258903398679 0
1638478200403 0.5961180775840847 0
1638478226098 0.592994242941024 0
1638478251728 0.600508693808076 0
1638478277466 0.5989925181934599 0
1638478303252 0.598055542617864 0
1638478329237 0.5988649076809084 0
1638478355637 0.6023546755658409 0
1638478381927 0.6031844349954859 0
1638478407876 0.6034011980012662 0
1638478433653 0.6022416324973795 0
1638478459297 0.6059842904868153 0
1638478484979 0.6077510255609634 0
1638478510686 0.6059627307632754 0
1638478536553 0.6086530393258685 0
1638478562177 0.610914483511379 0
1638478587882 0.6093656768688577 0
1638478613535 0.6097549179385853 0
1638478639385 0.6107326822473824 0
1638478665093 0.6079182593808697 0
1638478690760 0.6153050997353703 0
1638478716375 0.6151378659154638 0
1638478742026 0.616048037454572 0
1638478767752 0.6142684831095568 0
1638478793441 0.6163516222397027 0
1638478819159 0.6135051510237545 0
1638478844814 0.6169343184873548 0
1638478870494 0.6158301090918524 0
1638478896280 0.6157024985793009 0
1638478922036 0.6193705715195981 0
1638478947712 0.6181783749878061 0
1638478973307 0.6214420566669089 0
1638478999027 0.6201642037816131 0
1638479024704 0.618935880082191 0
1638479050468 0.61824946389722 0
1638479076143 0.6219740583717478 0
1638479101796 0.6194585586558876 0
1638479127725 0.6222426813461877 0
1638479153476 0.6210096960811946 0
1638479179176 0.6240117471342141 0
1638479204820 0.6237215644362345 0
1638479230546 0.6240094163514286 0
1638479256248 0.6246585400118304 0
1638479281883 0.6250833255707184 0
1638479307601 0.626755081091313 0
1638479333252 0.6281506386106414 0
1638479358948 0.6261601482512634 0
1638479384620 0.6257015662730774 0
1638479410289 0.6275691077888357 0
1638479436044 0.6272812558047344 0
1638479461786 0.6228399449690228 0
1638479487516 0.6273500140002697 0
1638479513241 0.6282193968061767 0
1638479539057 0.6302244546096449 0
1638479564736 0.6286226225726177 0
1638479590380 0.6283988672184806 0
1638479616099 0.6293900335455216 0
1638479641811 0.6319224314882577 0
1638479667547 0.627700214441112 0
1638479693173 0.6313612949641454 0
1638479718909 0.6321065634661327 0
1638479744562 0.6293247715586183 0
1638479770285 0.631399752914561 0
1638479796063 0.6325966110119241 0
1638479821669 0.6364260907807102 0
