1638477273309 2.4175856586289237 0
1638477299020 2.068378572843032 0
1638477324726 1.9338845467820398 0
1638477350432 1.8592235715897703 0
1638477376115 1.7925865404807582 0
1638477401853 1.7448720638028932 0
1638477427575 1.7043248055363764 0
1638477453295 1.6681070204556967 0
1638477478913 1.6481064324467134 0
1638477504781 1.6245443925323713 0
1638477530473 1.5936008101375634 0
1638477556227 1.5822120856033899 0
1638477581812 1.5584363289717287 0
1638477607398 1.5338071652249232 0
1638477633273 1.5225439117505828 0
1638477658907 1.5177294313719094 0
1638477684661 1.502847522597906 0
1638477710242 1.4883705071836544 0
1638477736021 1.474488972809567 0
1638477761726 1.4682736609624036 0
1638477787369 1.4639871731570975 0
1638477813101 1.4500175799277542 0
1638477838683 1.434933504979946 0
1638477864309 1.437762053105454 0
1638477889987 1.4245000203367209 0
1638477915768 1.4221607124186855 0
1638477941626 1.4107388307407591 0
1638477967268 1.3971567091273984 0
1638477992955 1.3897998004094363 0
1638478018622 1.3937762494348103 0
1638478044432 1.3869413499220065 0
1638478070094 1.3749705600068867 0
1638478095795 1.3736379945017674 0
1638478122196 1.3538950871617157 0
1638478148967 1.3649603035870264 0
1638478174746 1.3571478418425063 0
1638478200397 1.3444534561076316 0
1638478226093 1.3487283863560986 0
1638478251722 1.3347327106504512 0
1638478277460 1.3361492520878113 0
1638478303246 1.3378343673574329 0
1638478329231 1.3319583478796921 0
1638478355631 1.320236924375388 0
1638478381921 1.3122630277387488 0
1638478407871 1.3242248635079434 0
1638478433648 1.3147723259921447 0
1638478459292 1.3134170772713587 0
1638478484973 1.3084425356868703 0
1638478510680 1.3124115269104004 0
1638478536547 1.3016106422855829 0
1638478562172 1.293229178474621 0
1638478587876 1.2946946716973082 0
1638478613529 1.2943136010968144 0
1638478639380 1.284014510725305 0
1638478665087 1.2957049856745773 0
1638478690754 1.280751568869852 0
1638478716369 1.2774322112154262 0
1638478742021 1.2738702900033456 0
1638478767746 1.275902398303508 0
1638478793435 1.2782123683751936 0
1638478819153 1.2811267406671087 0
1638478844808 1.2690479597348627 0
1638478870488 1.2675479857665242 0
1638478896274 1.27361900370502 0
1638478922030 1.2669577716645577 0
1638478947706 1.260793160835886 0
1638478973301 1.261268197347111 0
1638478999021 1.2627098842374498 0
1638479024698 1.2594015861291423 0
1638479050462 1.2583431342871632 0
1638479076137 1.2472137751895929 0
1638479101791 1.2604578419406693 0
1638479127719 1.249704854008364 0
1638479153470 1.2519672024197672 0
1638479179169 1.2483289031929676 0
1638479204814 1.244360099407284 0
1638479230540 1.2475506094187347 0
1638479256242 1.23983436515964 0
1638479281877 1.2350007537433572 0
1638479307595 1.2397398172657401 0
1638479333246 1.236134331829258 0
1638479358941 1.2322459956218823 0
1638479384614 1.2395779523749169 0
1638479410283 1.2326822141500686 0
1638479436038 1.234085158445766 0
1638479461780 1.2434055996128184 0
1638479487510 1.2308886495893891 0
1638479513235 1.2315731013118751 0
1638479539052 1.2251151254107413 0
1638479564730 1.2251172721216816 0
1638479590374 1.2314442754026664 0
1638479616093 1.219919282625539 0
1638479641805 1.2216792748988667 0
1638479667541 1.229005812264916 0
1638479693167 1.214420782825307 0
1638479718903 1.213932529169671 0
1638479744555 1.224428942946137 0
1638479770279 1.2252471131552936 0
1638479796057 1.207212269477476 0
1638479821663 1.2042298913508354 0
