1638697886948 0.2857142857142857 0
1638697947338 0.47619047619047616 1
1638698007786 0.47619047619047616 2
1638698068251 0.47619047619047616 3
1638698128797 0.5079365079365079 4
1638698189245 0.49206349206349204 5
1638698249821 0.5873015873015873 6
1638698310308 0.5079365079365079 7
1638698370852 0.6190476190476191 8
1638698431581 0.6507936507936508 9
1638698492292 0.6190476190476191 10
1638698552981 0.5873015873015873 11
1638698613727 0.6031746031746031 12
1638698674285 0.5873015873015873 13
1638698735159 0.746031746031746 14
1638698795869 0.4603174603174603 15
1638698855399 0.6031746031746031 16
1638698914706 0.5873015873015873 17
1638698975082 0.5555555555555556 18
1638699035512 0.6349206349206349 19
1638699095780 0.6507936507936508 20
1638699155976 0.6190476190476191 21
1638699215282 0.6666666666666666 22
1638699273994 0.6349206349206349 23
1638699333015 0.6190476190476191 24
1638699391802 0.6349206349206349 25
1638699450574 0.6666666666666666 26
1638699508999 0.5714285714285714 27
1638699567598 0.6666666666666666 28
1638699627131 0.6825396825396826 29
1638699685889 0.6666666666666666 30
1638699744444 0.6666666666666666 31
1638699802934 0.6825396825396826 32
1638699861284 0.5873015873015873 33
1638699919807 0.6984126984126984 34
1638699978489 0.6349206349206349 35
1638700037180 0.7142857142857143 36
1638700095624 0.6349206349206349 37
1638700153800 0.5873015873015873 38
1638700212329 0.7142857142857143 39
1638700271137 0.6666666666666666 40
1638700329682 0.6666666666666666 41
1638700388022 0.6666666666666666 42
1638700446660 0.6666666666666666 43
1638700505212 0.6984126984126984 44
1638700564178 0.6666666666666666 45
1638700622866 0.6825396825396826 46
1638700681526 0.6349206349206349 47
1638700739748 0.6825396825396826 48
1638700798309 0.7301587301587301 49
1638700856970 0.746031746031746 50
1638700915399 0.7777777777777778 51
1638700973837 0.6666666666666666 52
1638701032639 0.7142857142857143 53
1638701091036 0.7142857142857143 54
1638701149595 0.746031746031746 55
1638701208283 0.6666666666666666 56
1638701266868 0.6031746031746031 57
1638701325559 0.6984126984126984 58
1638701384156 0.6666666666666666 59
1638701442727 0.6825396825396826 60
1638701501251 0.746031746031746 61
1638701559710 0.8095238095238095 62
1638701618550 0.6825396825396826 63
1638701677130 0.6666666666666666 64
1638701735982 0.6825396825396826 65
1638701794340 0.6349206349206349 66
1638701852711 0.5873015873015873 67
1638701911155 0.7301587301587301 68
1638701969810 0.6349206349206349 69
1638702028355 0.6984126984126984 70
1638702087275 0.7301587301587301 71
1638702145767 0.6825396825396826 72
1638702204493 0.746031746031746 73
1638702262977 0.8095238095238095 74
1638702321584 0.7619047619047619 75
1638702379994 0.5873015873015873 76
1638702438580 0.6984126984126984 77
1638702497072 0.6984126984126984 78
1638702555410 0.746031746031746 79
1638702614017 0.7619047619047619 80
1638702672516 0.6031746031746031 81
1638702731004 0.7619047619047619 82
1638702789236 0.6507936507936508 83
1638702847760 0.746031746031746 84
1638702907481 0.7301587301587301 85
1638702967994 0.746031746031746 86
1638703029092 0.7301587301587301 87
1638703090349 0.6984126984126984 88
1638703150358 0.7301587301587301 89
1638703211194 0.6666666666666666 90
1638703271318 0.7142857142857143 91
1638703331285 0.6507936507936508 92
1638703391185 0.7777777777777778 93
1638703451142 0.7142857142857143 94
1638703511120 0.8095238095238095 95
1638703571641 0.7777777777777778 96
1638703631707 0.7301587301587301 97
1638703691591 0.6507936507936508 98
1638703751529 0.6825396825396826 99
1638703811530 0.6666666666666666 100
1638703871564 0.7936507936507936 101
1638703931568 0.7777777777777778 102
1638703991494 0.6825396825396826 103
1638704051466 0.7301587301587301 104
1638704111490 0.746031746031746 105
1638704171758 0.6507936507936508 106
1638704231787 0.7142857142857143 107
1638704291807 0.746031746031746 108
1638704351714 0.8095238095238095 109
1638704411686 0.7619047619047619 110
1638704471716 0.746031746031746 111
1638704531756 0.8095238095238095 112
1638704591653 0.7777777777777778 113
1638704651587 0.7619047619047619 114
1638704711581 0.8095238095238095 115
1638704771727 0.7936507936507936 116
1638704831707 0.7619047619047619 117
1638704891620 0.746031746031746 118
1638704951601 0.7142857142857143 119
1638705011584 0.746031746031746 120
1638705071894 0.7142857142857143 121
1638705132036 0.746031746031746 122
1638705192016 0.7301587301587301 123
1638705252000 0.7301587301587301 124
1638705312037 0.7142857142857143 125
1638705372127 0.7619047619047619 126
1638705432196 0.6825396825396826 127
1638705492256 0.7777777777777778 128
1638705552357 0.7301587301587301 129
1638705612431 0.7619047619047619 130
1638705672440 0.6984126984126984 131
1638705732460 0.746031746031746 132
1638705792536 0.6507936507936508 133
1638705852559 0.6507936507936508 134
1638705912742 0.7142857142857143 135
1638705972815 0.6666666666666666 136
1638706033081 0.7619047619047619 137
1638706093117 0.7301587301587301 138
1638706153128 0.6984126984126984 139
1638706213201 0.7142857142857143 140
1638706273422 0.6825396825396826 141
1638706333442 0.7777777777777778 142
1638706393454 0.7142857142857143 143
1638706453514 0.6984126984126984 144
1638706513953 0.6825396825396826 145
1638706574678 0.8095238095238095 146
1638706635612 0.8095238095238095 147
1638706696079 0.746031746031746 148
1638706756567 0.7619047619047619 149
1638706817962 0.746031746031746 150
1638706878475 0.8095238095238095 151
1638706938930 0.7142857142857143 152
1638706999404 0.7142857142857143 153
1638707059971 0.8095238095238095 154
1638707120574 0.7619047619047619 155
1638707181086 0.7142857142857143 156
1638707241653 0.7142857142857143 157
1638707302182 0.7142857142857143 158
1638707362667 0.7777777777777778 159
1638707423393 0.746031746031746 160
1638707483933 0.7142857142857143 161
1638707544521 0.7936507936507936 162
1638707604964 0.6190476190476191 163
1638707665452 0.7619047619047619 164
1638707726321 0.7619047619047619 165
1638707786856 0.7936507936507936 166
1638707847372 0.7777777777777778 167
1638707907791 0.7619047619047619 168
1638707968315 0.8095238095238095 169
1638708028862 0.746031746031746 170
1638708089341 0.6825396825396826 171
1638708149826 0.7936507936507936 172
1638708210347 0.7301587301587301 173
1638708270833 0.7936507936507936 174
1638708331677 0.746031746031746 175
1638708392485 0.7142857142857143 176
1638708452957 0.7777777777777778 177
1638708513443 0.7142857142857143 178
1638708574058 0.7936507936507936 179
1638708634663 0.7301587301587301 180
1638708695121 0.6825396825396826 181
1638708755645 0.6984126984126984 182
1638708816132 0.7936507936507936 183
1638708876634 0.746031746031746 184
1638708937318 0.6984126984126984 185
1638708997835 0.7777777777777778 186
1638709058481 0.746031746031746 187
1638709118938 0.7301587301587301 188
1638709179433 0.7619047619047619 189
1638709240009 0.7777777777777778 190
1638709300564 0.746031746031746 191
1638709361031 0.7301587301587301 192
1638709421564 0.746031746031746 193
1638709481960 0.7142857142857143 194
1638709542864 0.8095238095238095 195
1638709603331 0.746031746031746 196
1638709663976 0.746031746031746 197
1638709724402 0.7142857142857143 198
1638709784888 0.746031746031746 199
