1638697886956 60.67578959465027 0
1638697947348 60.09934759140015 1
1638698007793 60.1081166267395 2
1638698068260 60.12725520133972 3
1638698128805 60.23547315597534 4
1638698189253 60.12725496292114 5
1638698249829 60.2319757938385 6
1638698310316 60.12426400184631 7
1638698370861 60.2344753742218 8
1638698431589 60.439926624298096 9
1638698492301 60.39553785324097 10
1638698552990 60.39254665374756 11
1638698613735 60.39853000640869 12
1638698674294 60.26588487625122 13
1638698735172 60.57805132865906 14
1638698795880 60.34866428375244 15
1638698855409 59.218685150146484 16
1638698914715 58.99578857421875 17
1638698975091 60.02652454376221 18
1638699035521 60.133748054504395 19
1638699095789 59.975661277770996 20
1638699155986 59.910834312438965 21
1638699215292 58.98063135147095 22
1638699274002 58.380924701690674 23
1638699333023 58.6731595993042 24
1638699391811 58.46071124076843 25
1638699450583 58.43278527259827 26
1638699509008 58.1340913772583 27
1638699567607 58.31011438369751 28
1638699627140 59.24960255622864 29
1638699685898 58.42680072784424 30
1638699744454 58.2652473449707 31
1638699802943 58.15752148628235 32
1638699861293 58.06676483154297 33
1638699919818 58.17125630378723 34
1638699978499 58.32358503341675 35
1638700037191 58.35151147842407 36
1638700095634 58.144065141677856 37
1638700153809 57.849761724472046 38
1638700212339 58.174981117248535 39
1638700271147 58.5125732421875 40
1638700329692 58.25477051734924 41
1638700388032 58.042338132858276 42
1638700446669 58.357985973358154 43
1638700505221 58.23930048942566 44
1638700564187 58.65519189834595 45
1638700622875 58.35599088668823 46
1638700681535 58.34153890609741 47
1638700739757 57.931127309799194 48
1638700798319 58.20938181877136 49
1638700856980 58.309128522872925 50
1638700915411 58.09169816970825 51
1638700973846 58.104663133621216 52
1638701032647 58.51108193397522 53
1638701091045 58.07225728034973 54
1638701149605 58.26374578475952 55
1638701208293 58.391894578933716 56
1638701266878 58.26822543144226 57
1638701325568 58.43178868293762 58
1638701384165 58.30115461349487 59
1638701442737 58.27223062515259 60
1638701501261 58.231324195861816 61
1638701559719 58.10068941116333 62
1638701618560 58.52803921699524 63
1638701677139 58.241297245025635 64
1638701735991 58.52553725242615 65
1638701794350 58.02438712120056 66
1638701852721 58.07475829124451 67
1638701911165 58.15703225135803 68
1638701969820 58.320592164993286 69
1638702028365 58.23431611061096 70
1638702087284 58.580389976501465 71
1638702145777 58.181474685668945 72
1638702204503 58.43278622627258 73
1638702262987 58.20292544364929 74
1638702321593 58.31609797477722 75
1638702380004 58.127601861953735 76
1638702438591 58.247281074523926 77
1638702497082 58.18595218658447 78
1638702555422 58.05031633377075 79
1638702614027 58.24030041694641 80
1638702672526 58.21636438369751 81
1638702731013 58.17447566986084 82
1638702789246 57.95009183883667 83
1638702847769 58.20339798927307 84
1638702907490 59.39222073554993 85
1638702968005 60.18011474609375 86
1638703029104 60.72864890098572 87
1638703090360 60.84932494163513 88
1638703150368 59.661500692367554 89
1638703211204 60.47233271598816 90
1638703271330 59.780689001083374 91
1638703331295 59.67148971557617 92
1638703391195 59.59618353843689 93
1638703451152 59.65451979637146 94
1638703511131 59.67546343803406 95
1638703571651 60.19407677650452 96
1638703631717 59.73929286003113 97
1638703691601 59.59567713737488 98
1638703751539 59.57923173904419 99
1638703811540 59.65702033042908 100
1638703871574 59.692418575286865 101
1638703931579 59.678455114364624 102
1638703991504 59.64853549003601 103
1638704051476 59.64255118370056 104
1638704111500 59.74180865287781 105
1638704171768 59.91981053352356 106
1638704231797 59.713361978530884 107
1638704291817 59.71787190437317 108
1638704351725 59.62809920310974 109
1638704411697 59.652525186538696 110
1638704471726 59.65801811218262 111
1638704531765 59.756247758865356 112
1638704591662 59.604652643203735 113
1638704651598 59.63357591629028 114
1638704711592 59.69791078567505 115
1638704771737 59.758748292922974 116
1638704831717 59.674466133117676 117
1638704891630 59.57872200012207 118
1638704951611 59.65103721618652 119
1638705011595 59.69740533828735 120
1638705071904 59.919318199157715 121
1638705132048 59.78467845916748 122
1638705192026 59.69939970970154 123
1638705252010 59.69441318511963 124
1638705312047 59.749266386032104 125
1638705372137 59.75476121902466 126
1638705432208 59.78018379211426 127
1638705492266 59.69194269180298 128
1638705552367 59.77021026611328 129
1638705612444 59.77770018577576 130
1638705672451 59.71735239028931 131
1638705732474 59.69441270828247 132
1638705792546 59.78518605232239 133
1638705852569 59.73829627037048 134
1638705912752 59.83204436302185 135
1638705972824 59.74028992652893 136
1638706033092 59.98264288902283 137
1638706093126 59.70438480377197 138
1638706153138 59.67446565628052 139
1638706213212 59.77769756317139 140
1638706273432 59.852988481521606 141
1638706333453 59.71934652328491 142
1638706393464 59.72734212875366 143
1638706453524 59.74427843093872 144
1638706513963 60.12027454376221 145
1638706574688 60.41798639297485 146
1638706635621 60.607969522476196 147
1638706696089 60.13225746154785 148
1638706756577 60.16415500640869 149
1638706817971 61.07172870635986 150
1638706878485 60.19207978248596 151
1638706938940 60.17314863204956 152
1638706999414 60.190088748931885 153
1638707059981 60.23097777366638 154
1638707120583 60.26588439941406 155
1638707181097 60.15770125389099 156
1638707241663 60.20754814147949 157
1638707302194 60.18111181259155 158
1638707362677 60.17264246940613 159
1638707423403 60.418477296829224 160
1638707483946 60.21503567695618 161
1638707544531 60.305376052856445 162
1638707604975 60.15617847442627 163
1638707665462 60.1482138633728 164
1638707726331 60.49177551269531 165
1638707786865 60.16615152359009 166
1638707847382 60.172136306762695 167
1638707907800 60.07439684867859 168
1638707968325 60.182127237319946 169
1638708028871 60.236738204956055 170
1638708089351 60.141218423843384 171
1638708149836 60.182109355926514 172
1638708210358 60.197601079940796 173
1638708270843 60.11429023742676 174
1638708331687 60.55462169647217 175
1638708392495 60.500258445739746 176
1638708452966 60.160675048828125 177
1638708513453 60.14671087265015 178
1638708574068 60.31456422805786 179
1638708634673 60.24294686317444 180
1638708695131 60.16116523742676 181
1638708755655 60.212029695510864 182
1638708816142 60.19507455825806 183
1638708876644 60.18246388435364 184
1638708937327 60.32472634315491 185
1638708997844 60.218013048172 186
1638709058491 60.32255291938782 187
1638709118947 60.16765546798706 188
1638709179443 60.164663553237915 189
1638709240019 60.23796010017395 190
1638709300577 60.26340365409851 191
1638709361043 60.1741304397583 192
1638709421575 60.24994468688965 193
1638709481970 60.141218423843384 194
1638709542874 60.581042528152466 195
1638709603341 60.18011498451233 196
1638709663985 60.267388343811035 197
1638709724413 60.08836078643799 198
1638709784899 60.15218949317932 199
