1638697886954 0.0010723860589812334 0
1638697947345 0.0007323324789454413 1
1638698007791 0.0005560189046427579 2
1638698068257 0.0004481290611696168 3
1638698128802 0.0003753049352598987 4
1638698189251 0.00032284100080710247 5
1638698249827 0.000283245999150262 6
1638698310314 0.00025230225810521004 7
1638698370858 0.00022745365631752533 8
1638698431587 0.00020706077233668082 9
1638698492298 0.00019002375296912113 10
1638698552987 0.00017557721007813184 11
1638698613733 0.00016317206494248184 12
1638698674291 0.00015240417587441895 13
1638698735167 0.00014296947601687038 14
1638698795875 0.0001346348030966005 15
1638698855406 0.00012721837033267605 16
1638698914712 0.00012057635497678906 17
1638698975089 0.000114593479631009 18
1638699035519 0.00010917626507997162 19
1638699095786 0.00010424811050299714 20
1638699155983 9.974564859607999e-05 21
1638699215289 9.56160061194244e-05 22
1638699274000 9.181471789927926e-05 23
1638699333020 8.830411938716941e-05 24
1638699391809 8.50520944078248e-05 25
1638699450581 8.203108978302777e-05 26
1638699509006 7.921733275240622e-05 27
1638699567604 7.659020411289397e-05 28
1638699627138 7.413173208792023e-05 29
1638699685895 7.182618064284432e-05 30
1638699744450 6.965971230538817e-05 31
1638699802940 6.762011022077965e-05 32
1638699861290 6.569654764642117e-05 33
1638699919814 6.387939570091667e-05 34
1638699978496 6.216006216006217e-05 35
1638700037187 6.053085560364395e-05 36
1638700095631 5.898487038074733e-05 37
1638700153806 5.751588876427113e-05 38
1638700212336 5.611829737085777e-05 39
1638700271143 5.478701547733187e-05 40
1638700329689 5.3517433303898746e-05 41
1638700388029 5.230535868399718e-05 42
1638700446666 5.1146970820653144e-05 43
1638700505218 5.003878005454227e-05 44
1638700564184 4.8977592751316274e-05 45
1638700622872 4.796048056401525e-05 46
1638700681533 4.6984753447506286e-05 47
1638700739754 4.604793590127323e-05 48
1638700798316 4.514774599878101e-05 49
1638700856977 4.42820768294033e-05 50
1638700915407 4.344898003519367e-05 51
1638700973843 4.2646651171716745e-05 52
1638701032645 4.187341666143249e-05 53
1638701091042 4.1127722141109214e-05 54
1638701149602 4.0408122032528536e-05 55
1638701208289 3.971327018923373e-05 56
1638701266875 3.9041911491986646e-05 57
1638701325565 3.839287428253316e-05 58
1638701384162 3.7765063539719407e-05 59
1638701442734 3.7157454714352065e-05 60
1638701501258 3.6569088149786985e-05 61
1638701559716 3.5999064024335365e-05 62
1638701618557 3.544653775942435e-05 63
1638701677136 3.4910715844228386e-05 64
1638701735988 3.439085203335913e-05 65
1638701794347 3.38862438792972e-05 66
1638701852718 3.339622956568204e-05 67
1638701911162 3.2920185011439765e-05 68
1638701969817 3.2457521219104496e-05 69
1638702028362 3.2007681843642474e-05 70
1638702087281 3.1570140960679385e-05 71
1638702145774 3.114440101530747e-05 72
1638702204499 3.0729990934652676e-05 73
1638702262984 3.0326464389149193e-05 74
1638702321590 2.993339818902941e-05 75
1638702380001 2.9550390803918384e-05 76
1638702438587 2.917706099464601e-05 77
1638702497079 2.88130465474767e-05 78
1638702555417 2.8458003101922342e-05 79
1638702614024 2.8111603064164736e-05 80
1638702672523 2.777353459888073e-05 81
1638702731010 2.7443500692948397e-05 82
1638702789243 2.712121828512537e-05 83
1638702847766 2.680641745633905e-05 84
1638702907487 2.6498840675720433e-05 85
1638702968001 2.6198242097955224e-05 86
1638703029100 2.5904386907922853e-05 87
1638703090357 2.5617050708951875e-05 88
1638703150365 2.5336018951342173e-05 89
1638703211201 2.5061086398095356e-05 90
1638703271326 2.479205662505733e-05 91
1638703331292 2.4528741552914627e-05 92
1638703391192 2.4270961008701138e-05 93
1638703451149 2.401854231466692e-05 94
1638703511127 2.3771319902537586e-05 95
1638703571648 2.3529134951353513e-05 96
1638703631714 2.3291835047224193e-05 97
1638703691598 2.305927386346604e-05 98
1638703751536 2.283131085971301e-05 99
1638703811536 2.260781099870005e-05 100
1638703871571 2.2388644479519986e-05 101
1638703931575 2.217368648624677e-05 102
1638703991501 2.196281695090212e-05 103
1638704051473 2.1755920329819753e-05 104
1638704111497 2.1552885392531924e-05 105
1638704171765 2.13536050223679e-05 106
1638704231794 2.115797602801316e-05 107
1638704291814 2.0965898965332885e-05 108
1638704351722 2.0777277968813306e-05 109
1638704411693 2.059202059202059e-05 110
1638704471723 2.0410037656519476e-05 111
1638704531762 2.0231243108732818e-05 112
1638704591659 2.0055553884259398e-05 113
1638704651594 1.988288977920051e-05 114
1638704711589 1.9713173328076486e-05 115
1638704771734 1.9546329687942845e-05 116
1638704831714 1.938228652834175e-05 117
1638704891626 1.922097392674887e-05 118
1638704951608 1.9062324269198144e-05 119
1638705011592 1.8906272155787684e-05 120
1638705071901 1.8752754310789397e-05 121
1638705132044 1.8601709497102783e-05 122
1638705192023 1.8453078434809887e-05 123
1638705252007 1.830680372360388e-05 124
1638705312044 1.816282976887799e-05 125
1638705372134 1.8021102711274902e-05 126
1638705432204 1.7881570359508972e-05 127
1638705492263 1.7744182126285344e-05 128
1638705552364 1.7608888967150616e-05 129
1638705612439 1.7475643322119796e-05 130
1638705672448 1.7344399059933568e-05 131
1638705732469 1.7215111424808698e-05 132
1638705792543 1.7087736985552315e-05 133
1638705852566 1.6962233586918726e-05 134
1638705912749 1.6838560303094083e-05 135
1638705972821 1.6716677393201326e-05 136
1638706033088 1.659654625872356e-05 137
1638706093123 1.64781294027502e-05 138
1638706153135 1.6361390390955424e-05 139
1638706213209 1.6246293814223632e-05 140
1638706273429 1.613280525284139e-05 141
1638706333449 1.6020891242179804e-05 142
1638706393461 1.591051923979539e-05 143
1638706453521 1.5801657593881597e-05 144
1638706513960 1.569427551300663e-05 145
1638706574685 1.5588343037076877e-05 146
1638706635618 1.5483831009468362e-05 147
1638706696086 1.5380711050271853e-05 148
1638706756574 1.5278955530599928e-05 149
1638706817968 1.5178537547907257e-05 150
1638706878482 1.507943090227775e-05 151
1638706938937 1.4981610073634612e-05 152
1638706999411 1.4885050199831799e-05 153
1638707059978 1.4789727055587188e-05 154
1638707120580 1.469561703222014e-05 155
1638707181093 1.4602697118157723e-05 156
1638707241660 1.4510944880175873e-05 157
1638707302190 1.442033844534331e-05 158
1638707362674 1.4330856483637746e-05 159
1638707423400 1.4242478191205268e-05 160
1638707483940 1.4155183274235444e-05 161
1638707544528 1.4068951933425718e-05 162
1638707604972 1.39837648490103e-05 163
1638707665458 1.3899603166329601e-05 164
1638707726328 1.3816448481917723e-05 165
1638707786862 1.3734282830086319e-05 166
1638707847379 1.3653088669984368e-05 167
1638707907797 1.3572848873114223e-05 168
1638707968322 1.3493546711285327e-05 169
1638708028868 1.3415165844987758e-05 170
1638708089348 1.3337690312168643e-05 171
1638708149833 1.3261104517395253e-05 172
1638708210354 1.3185393221389347e-05 173
1638708270839 1.3110541530917935e-05 174
1638708331684 1.3036534889026497e-05 175
1638708392492 1.2963359065601077e-05 176
1638708452963 1.2891000148246501e-05 177
1638708513449 1.2819444533468365e-05 178
1638708574065 1.2748678918147108e-05 179
1638708634670 1.267869029129291e-05 180
1638708695128 1.2609465926070702e-05 181
1638708755652 1.2540993372085002e-05 182
1638708816139 1.2473260447914784e-05 183
1638708876641 1.2406255233888928e-05 184
1638708937324 1.233996606509332e-05 185
1638708997841 1.227438152460093e-05 186
1638709058488 1.2209490436916614e-05 187
1638709118944 1.2145281861628804e-05 188
1638709179440 1.2081745087260404e-05 189
1638709240016 1.2018869625311739e-05 190
1638709300571 1.1956645204488524e-05 191
1638709361039 1.1895061765108214e-05 192
1638709421571 1.1834109453678336e-05 193
1638709481967 1.1773778617640652e-05 194
1638709542871 1.171405980027528e-05 195
1638709603338 1.1654943735759117e-05 196
1638709663982 1.1596421344373127e-05 197
1638709724410 1.1538483727853323e-05 198
1638709784895 1.1481122164880394e-05 199
