1638697886951 2.43429386879578 0
1638697947342 2.008668700423902 1
1638698007788 1.9258218185533644 2
1638698068254 2.009766292779721 3
1638698128799 1.7870453718366572 4
1638698189248 1.7003008670528943 5
1638698249824 1.674500356855766 6
1638698310311 1.6804391969578858 7
1638698370855 1.4616115027192003 8
1638698431584 1.3940407380367759 9
1638698492295 1.4781851194578046 10
1638698552984 1.4704096872619572 11
1638698613730 1.5212039893505698 12
1638698674288 1.3469632097682684 13
1638698735162 1.3325419406958061 14
1638698795872 1.5763749702484158 15
1638698855403 1.43235887218339 16
1638698914710 1.3847991159130866 17
1638698975086 1.4072529663519502 18
1638699035516 1.4030295826735821 19
1638699095783 1.2588949178313018 20
1638699155980 1.3896083249474158 21
1638699215286 1.246191641729327 22
1638699273997 1.277882263259976 23
1638699333017 1.3341885565215872 24
1638699391806 1.2506889721418304 25
1638699450578 1.1482415319234975 26
1638699509003 1.2693092790713858 27
1638699567601 1.061859342551273 28
1638699627135 1.2649284878390434 29
1638699685893 1.0139753168144554 30
1638699744448 1.0354251599467446 31
1638699802937 1.1029735142413921 32
1638699861287 1.2057990765523054 33
1638699919810 1.1229760037494814 34
1638699978493 1.2002487485059097 35
1638700037183 1.1561649089044432 36
1638700095628 1.100478076300651 37
1638700153803 1.159378873924885 38
1638700212332 0.9737273213136814 39
1638700271140 1.1697190376078208 40
1638700329686 1.0125112945578398 41
1638700388025 1.0299333091122072 42
1638700446663 1.1519913141964275 43
1638700505216 1.0911606567117529 44
1638700564181 1.125336179609478 45
1638700622869 1.1296380064467395 46
1638700681530 1.244158686551871 47
1638700739751 1.1200181142929988 48
1638700798313 1.1741242087835324 49
1638700856974 1.0089130010703833 50
1638700915403 0.9126434431213086 51
1638700973840 0.9643898674546918 52
1638701032642 0.9361341251634707 53
1638701091039 1.018330507811774 54
1638701149599 1.053233397377125 55
1638701208286 1.0736154331040515 56
1638701266872 0.9722656314694693 57
1638701325562 1.1306713226642588 58
1638701384159 1.1365122364208355 59
1638701442731 1.07547211644754 60
1638701501255 0.9232817788902647 61
1638701559714 0.8272307712624178 62
1638701618554 1.077826709597031 63
1638701677133 1.0316673129328293 64
1638701735985 0.8985137363344845 65
1638701794344 1.0260918404208703 66
1638701852715 1.0751617923194536 67
1638701911158 0.8854685110507999 68
1638701969814 1.103550674155748 69
1638702028359 0.9361251734604729 70
1638702087278 0.8837062980826341 71
1638702145771 1.1826684865718766 72
1638702204496 0.821198516120391 73
1638702262981 0.8706346446329503 74
1638702321587 0.8726123884056939 75
1638702379997 1.0719809940215552 76
1638702438584 0.9309210895997458 77
1638702497076 1.0266354327149503 78
1638702555414 0.8622157665763697 79
1638702614021 0.8684337792617031 80
1638702672520 0.9985975227085176 81
1638702731007 0.8173379796712505 82
1638702789240 1.031486661789772 83
1638702847763 0.961803347479763 84
1638702907484 0.9558437173366298 85
1638702967998 0.9780078542361722 86
1638703029097 1.0136930457798028 87
1638703090354 0.9242268032829094 88
1638703150362 0.8717954120060164 89
1638703211198 0.9459083305165393 90
1638703271322 0.9748419322113391 91
1638703331289 1.048430078259949 92
1638703391189 0.9598162734546982 93
1638703451146 0.9520852296500121 94
1638703511124 0.7539833584025527 95
1638703571645 0.832713853475244 96
1638703631711 0.8688939242248794 97
1638703691594 0.9784050039725439 98
1638703751533 0.9258645001378404 99
1638703811533 0.9218589068912216 100
1638703871568 0.7735512371517952 101
1638703931571 0.8388405028831076 102
1638703991498 0.9138977167627655 103
1638704051470 0.9108485017668781 104
1638704111493 0.8296499525051728 105
1638704171761 0.9403551153527374 106
1638704231791 0.8789556414249114 107
1638704291810 0.8774156019251569 108
1638704351718 0.7115245185523517 109
1638704411690 0.8228567227084171 110
1638704471719 0.8761861311149318 111
1638704531759 0.6838838722758 112
1638704591656 0.8266208238533278 113
1638704651591 0.8172222348426932 114
1638704711585 0.8015507129271975 115
1638704771731 0.8376792863805158 116
1638704831710 0.7980773685280841 117
1638704891623 0.9423334304887394 118
1638704951605 0.8735995595112384 119
1638705011588 0.8929965619955088 120
1638705071898 0.7768092799141236 121
1638705132040 0.773996930110709 122
1638705192020 0.8832002168319578 123
1638705252004 0.8781205607935109 124
1638705312040 1.0090955581340806 125
1638705372131 0.818227366739308 126
1638705432199 0.8725129483549915 127
1638705492259 0.7295641335979116 128
1638705552361 0.9046530006648859 129
1638705612434 0.7877242335617655 130
1638705672444 0.8427933667375725 131
1638705732464 0.8350323970219922 132
1638705792539 1.0499020016827603 133
1638705852563 0.9525029447933681 134
1638705912746 0.929852645645597 135
1638705972818 0.9123004159758942 136
1638706033085 0.7944581670412522 137
1638706093120 0.8595072428302478 138
1638706153132 1.0135131956924157 139
1638706213205 0.8418456080879158 140
1638706273426 1.0066795067212966 141
1638706333446 0.734904840923265 142
1638706393457 0.9349853549297087 143
1638706453518 0.9510764863894133 144
1638706513956 0.8893190681161768 145
1638706574682 0.6793921642975163 146
1638706635615 0.8010128898994507 147
1638706696083 0.832850623453848 148
1638706756571 0.7474536325857278 149
1638706817965 0.8365731992442624 150
1638706878479 0.7113839298797058 151
1638706938933 0.7702664019401587 152
1638706999408 1.037514298341343 153
1638707059975 0.7609296585991903 154
1638707120578 0.8820400948991486 155
1638707181090 0.8084135883400733 156
1638707241656 0.9777833041673573 157
1638707302186 0.823642434664544 158
1638707362670 0.7624876146950446 159
1638707423396 0.7209966171554224 160
1638707483937 0.7543401223915022 161
1638707544524 0.7626957696028414 162
1638707604968 0.8637263615721217 163
1638707665455 0.8205724533811724 164
1638707726325 0.8061765733327078 165
1638707786859 0.7482546893802158 166
1638707847376 0.7417163891120448 167
1638707907794 0.757557701405166 168
1638707968319 0.7520551349339107 169
1638708028865 0.7058026819557963 170
1638708089344 0.8817339993424737 171
1638708149830 0.7970285035010745 172
1638708210350 0.7761006348714139 173
1638708270836 0.7523606298265952 174
1638708331680 0.7680071511311033 175
1638708392489 0.7776126345899571 176
1638708452960 0.7228193415884077 177
1638708513446 0.8823821398123439 178
1638708574062 0.7090012943298453 179
1638708634666 0.78529214340011 180
1638708695124 0.7941758731766727 181
1638708755648 0.7829591469275784 182
1638708816136 0.6917034151121952 183
1638708876638 0.6396848776798856 184
1638708937321 1.0094018805990712 185
1638708997837 0.8332598533047587 186
1638709058485 0.8497669471167161 187
1638709118941 0.8613646365626301 188
1638709179436 0.7756901725900798 189
1638709240013 0.6995453487819827 190
1638709300567 0.7298053338630688 191
1638709361035 0.7181465680790631 192
1638709421568 0.7736140289478913 193
1638709481963 0.851447369317692 194
1638709542868 0.6898477122602679 195
1638709603335 0.8199428749136126 196
1638709663980 0.7738371954804293 197
1638709724406 0.7633287861177804 198
1638709784892 0.8030188129072567 199
