1638492863559 0.30877132667282414 0
1638492889522 0.3541505453903551 0
1638492915448 0.36666744358277736 0
1638492941258 0.3767096307925406 0
1638492967101 0.38327370406575284 0
1638492993065 0.3874032724110377 0
1638493019036 0.38968744174593445 0
1638493044854 0.39526442754475366 0
1638493070621 0.39819189351418116 0
1638493096509 0.3960184364994137 0
1638493122453 0.4055233777602973 0
1638493148378 0.405701682815662 0
1638493174156 0.4075814609238178 0
1638493199973 0.41087252935233143 0
1638493225828 0.41356516873216354 0
1638493251669 0.4170852367933086 0
1638493277477 0.4185349850985356 0
1638493303266 0.41893238394246624 0
1638493329069 0.41927209582631986 0
1638493354981 0.4219804680071814 0
1638493380885 0.4233026057998569 0
1638493407502 0.42288714337211125 0
1638493433339 0.42652899495439034 0
1638493459763 0.42397328918379856 0
1638493485716 0.4250693408395514 0
1638493511570 0.4274380011021057 0
1638493537745 0.4289483497942114 0
1638493563485 0.4305245431516901 0
1638493589286 0.431734803267297 0
1638493615138 0.4326548806504707 0
1638493641095 0.432348965117008 0
1638493666941 0.4328681474820727 0
1638493692765 0.43437325189568404 0
1638493718673 0.43549202870082304 0
1638493744536 0.43623263563723924 0
1638493770486 0.43475491793858523 0
1638493796351 0.4376212008082109 0
1638493822227 0.4372430309394881 0
1638493848230 0.4363276151563391 0
1638493874241 0.43564352975415355 0
1638493900214 0.43671685622606665 0
1638493926053 0.4416517107817479 0
1638493951901 0.436251864612447 0
1638493977747 0.43695634438123315 0
1638494003719 0.43650009322028627 0
1638494029626 0.4408761420690944 0
1638494055434 0.43757516779651534 0
1638494081288 0.4409833581805918 0
1638494107106 0.44078116258444816 0
1638494133134 0.44086040926806497 0
1638494159123 0.4417600922846381 0
1638494184870 0.43814271395606114 0
1638494210670 0.43988497574205343 0
1638494236572 0.4446770697315304 0
1638494262560 0.44230083440769613 0
1638494288516 0.4380197650435343 0
1638494314328 0.44696590059754476 0
1638494340138 0.4438589641813598 0
1638494365964 0.4449969699617066 0
1638494391852 0.4443816427206028 0
1638494417918 0.44470445644648776 0
1638494444415 0.43999685345357553 0
1638494471547 0.44306183571071295 0
1638494497472 0.44519217320949356 0
1638494523368 0.4415217695208643 0
1638494549362 0.4447778761731407 0
1638494575062 0.44522480420294525 0
1638494600880 0.44051487039279386 0
1638494626692 0.4441963453168814 0
1638494652578 0.4422647072400661 0
1638494678456 0.4443466809443656 0
1638494704306 0.44434435016157997 0
1638494730444 0.4442889940187421 0
1638494756300 0.444958512011291 0
1638494782274 0.4453838802831021 0
1638494808090 0.44633367516401873 0
1638494833923 0.44223557242079276 0
1638494859836 0.4443962101302395 0
1638494885691 0.4455895720534242 0
1638494911650 0.44501037197995047 0
1638494937376 0.4460061998725626 0
1638494963237 0.444216739683482 0
1638494989141 0.44443816428928706 0
1638495015038 0.4464880896786045 0
1638495040944 0.4449777409864988 0
1638495066682 0.4452475293523314 0
1638495092521 0.44956356049273055 0
1638495118332 0.4464251585089402 0
1638495144203 0.44656617097082857 0
1638495170082 0.44501852975415357 0
1638495195883 0.443979582311101 0
1638495221736 0.44705505312522714 0
1638495247609 0.44604698860576386 0
1638495273560 0.44736446486732173 0
1638495299419 0.4452620967619681 0
1638495325325 0.44313642082875865 0
1638495351194 0.44638553513267826 0
1638495377057 0.44600153830699146 0
1638495402961 0.4461279833936967 0
1638495428816 0.44853393621527393 0
