1638492863554 2.5475281431878054 0
1638492889516 2.347531069464196 0
1638492915442 2.3092554331123143 0
1638492941253 2.266810926142314 0
1638492967096 2.23996388505622 0
1638492993059 2.2139125632264127 0
1638493019031 2.208156354044632 0
1638493044849 2.1830804232072776 0
1638493070615 2.1737163639349566 0
1638493096503 2.1745369082591575 0
1638493122447 2.1534768334116268 0
1638493148373 2.137791400698925 0
1638493174150 2.134214064935171 0
1638493199968 2.1133358190041003 0
1638493225822 2.102885800081755 0
1638493251664 2.0950259750991296 0
1638493277471 2.0936502362929956 0
1638493303260 2.08687130562028 0
1638493329064 2.0816156229670417 0
1638493354975 2.073696151794038 0
1638493380872 2.072655804841094 0
1638493407496 2.0690395961555113 0
1638493433334 2.052562837527278 0
1638493459757 2.0556328270719617 0
1638493485711 2.057706897643188 0
1638493511564 2.04633711436777 0
1638493537739 2.0470477138066436 0
1638493563479 2.0378797763509233 0
1638493589280 2.0398377399807246 0
1638493615132 2.0323202319011355 0
1638493641088 2.0283160406028866 0
1638493666935 2.0216588966630185 0
1638493692759 2.025665988353641 0
1638493718667 2.0172682920433833 0
1638493744530 2.025790248043092 0
1638493770481 2.0188409149574578 0
1638493796345 2.0148370183653777 0
1638493822221 2.009548236786525 0
1638493848224 2.014908972077288 0
1638493874235 2.017237129810327 0
1638493900208 2.015529569364403 0
1638493926048 1.9999831434785227 0
1638493951895 2.0095439228654817 0
1638493977742 2.006555638795155 0
1638494003713 2.0045354402801947 0
1638494029619 2.0032274507805305 0
1638494055428 2.012764975325967 0
1638494081282 2.007739777026517 0
1638494107100 1.998169165933824 0
1638494133128 2.0003425908622603 0
1638494159117 1.9989675748121354 0
1638494184863 2.0091815797886214 0
1638494210664 2.005989838941849 0
1638494236566 1.9909269568835113 0
1638494262554 1.9954592144198198 0
1638494288510 1.9946193093236726 0
1638494314322 1.983208583303506 0
1638494340132 1.992850102581858 0
1638494365958 1.9818566779737663 0
1638494391846 1.9971219411282326 0
1638494417912 1.9910151692368603 0
1638494444409 1.9981857653603776 0
1638494471541 1.9912148954371587 0
1638494497466 1.9887761390325334 0
1638494523362 2.0018167109574505 0
1638494549356 1.992349188779874 0
1638494575056 1.990538015671041 0
1638494600874 1.9945288368438976 0
1638494626686 1.9885728905335278 0
1638494652572 1.987513480072353 0
1638494678450 1.9899897831283986 0
1638494704299 1.9910555912373733 0
1638494730438 1.987702171830143 0
1638494756294 1.9905153027559357 0
1638494782268 1.9823375282320004 0
1638494808084 1.986414036870677 0
1638494833917 1.994666293001917 0
1638494859830 1.9830693214631347 0
1638494885685 1.9828072657290303 0
1638494911644 1.9819346359365728 0
1638494937371 1.980835145326543 0
1638494963230 1.9831670292079624 0
1638494989135 1.984987670372466 0
1638495015032 1.9795906771605503 0
1638495040938 1.9822333998516104 0
1638495066676 1.976527815834524 0
1638495092515 1.9732058714374123 0
1638495118325 1.9782498762794467 0
1638495144197 1.9671447413651173 0
1638495170076 1.9801462945104353 0
1638495195877 1.9879727068143374 0
1638495221730 1.973774721688528 0
1638495247604 1.9707351446276702 0
1638495273554 1.9676384940644602 0
1638495299413 1.9806205638780903 0
1638495325319 1.980866381217827 0
1638495351188 1.9769368062516723 0
1638495377051 1.9853113393676527 0
1638495402954 1.9667318108727043 0
1638495428810 1.969338387077991 0
