1638495456707 0.357963126966719 0
1638495482578 0.43275102556096334 0
1638495508557 0.4587829806212056 0
1638495534525 0.4746527130204129 0
1638495560348 0.4838674715488632 0
1638495586073 0.49138308780730805 0
1638495611947 0.4950837917066034 0
1638495637810 0.5004702358576604 0
1638495663746 0.5030282724110378 0
1638495689558 0.5032846587586265 0
1638495715375 0.5074812371606772 0
1638495741338 0.5086565355345004 0
1638495767222 0.5102979908788824 0
1638495793264 0.5164203803663309 0
1638495819060 0.5121538784118057 0
1638495844935 0.5150801789898404 0
1638495870787 0.5155667303614534 0
1638495896722 0.5161505920349518 0
1638495923026 0.5160060833644315 0
1638495948856 0.5193973755216323 0
1638495974703 0.5199608427940765 0
1638496000537 0.5175653784950345 0
1638496026437 0.5194911896148858 0
1638496052415 0.5203087124521333 0
1638496078183 0.5223126048986623 0
1638496104295 0.5211483777602973 0
1638496131403 0.5204508903398679 0
1638496157570 0.5196718254530361 0
1638496183475 0.5191095235719846 0
1638496209208 0.5190384346281173 0
1638496235075 0.5238398517487366 0
1638496260931 0.5208098312333829 0
1638496286874 0.5220404857155905 0
1638496312820 0.5239301696678118 0
1638496338703 0.5214554586851528 0
1638496364649 0.5226884439501459 0
1638496390711 0.5255640499853674 0
1638496417180 0.5248741375917644 0
1638496443484 0.5229593977073713 0
1638496469716 0.5236230887429563 0
1638496495712 0.5257930495835453 0
1638496521800 0.5261216903008478 0
1638496547667 0.5273389427648114 0
1638496573463 0.5261205248750014 0
1638496599320 0.5263506898990257 0
1638496625169 0.5272066706866887 0
1638496651126 0.5271658819534875 0
1638496677018 0.5255244266091055 0
1638496702905 0.5271116912020424 0
1638496728832 0.5237192336534489 0
1638496754781 0.5266793305818745 0
1638496780686 0.5242949375182907 0
1638496806581 0.5253088290291714 0
1638496832515 0.5283650708336362 0
1638496858360 0.5269357169294633 0
1638496884259 0.5247826542812964 0
1638496910128 0.5254894648673217 0
1638496936065 0.5261601482512633 0
1638496961908 0.5258146093759922 0
1638496987766 0.5259567872292734 0
1638497013874 0.5259917490055106 0
1638497039804 0.5279606796413487 0
1638497065854 0.5283231167090422 0
1638497091661 0.5279548526843848 0
1638497117725 0.5246731073870136 0
1638497143644 0.526378076613983 0
1638497169465 0.5270575004505973 0
1638497195420 0.52834234568425 0
1638497221233 0.5292431940922159 0
1638497247100 0.5266274706476686 0
1638497272906 0.5290852834034517 0
1638497298897 0.5270802255999836 0
1638497324803 0.5257796475653015 0
1638497350599 0.5287036173605505 0
1638497376417 0.5250693408395514 0
1638497402285 0.5272934924315855 0
1638497428273 0.5267515849171346 0
1638497454158 0.5259387236454584 0
1638497479978 0.526080901533193 0
1638497505771 0.5276932220927553 0
1638497531572 0.5302763145783044 0
1638497557481 0.5266432034142444 0
1638497583279 0.5283470072498211 0
1638497609148 0.5270778948171979 0
1638497635049 0.5298969793181888 0
1638497660964 0.5262131735768621 0
1638497686894 0.5290911103948692 0
1638497712882 0.5291505453903551 0
1638497738759 0.5266129032035783 0
1638497764612 0.5289914693101982 0
1638497790543 0.5272439632801651 0
1638497816405 0.5289046475653014 0
1638497842277 0.5287385791367878 0
1638497868110 0.5252738672184807 0
1638497894004 0.526098965117008 0
1638497919881 0.5297355724207927 0
1638497945742 0.5288842531987008 0
1638497971582 0.528123251895684 0
1638497997452 0.5297163434800385 0
1638498023426 0.5299103813019791 0
