1638495456702 2.297304945605532 0
1638495482573 1.9916920492313688 0
1638495508551 1.8833572642109875 0
1638495534519 1.8152986620138156 0
1638495560342 1.7789584842360724 0
1638495586067 1.748426792226324 0
1638495611941 1.7335433913808733 0
1638495637804 1.7089718045660383 0
1638495663740 1.7014688578041017 0
1638495689552 1.6940982182000441 0
1638495715369 1.6797501114888662 0
1638495741332 1.674184766269414 0
1638495767216 1.670286853436648 0
1638495793258 1.665036836149575 0
1638495819055 1.661625926204628 0
1638495844929 1.6565514889829023 0
1638495870780 1.6600548905967074 0
1638495896717 1.6473285784801441 0
1638495923020 1.64836210828718 0
1638495948850 1.6360436958875122 0
1638495974695 1.6430739000815897 0
1638496000531 1.6425867774264313 0
1638496026431 1.6364274591717614 0
1638496052410 1.6365447892672473 0
1638496078177 1.6322928184948167 0
1638496104289 1.6326204991981426 0
1638496131397 1.6345527046150419 0
1638496157565 1.6322966991173382 0
1638496183469 1.6322413345134517 0
1638496209202 1.6342075591205674 0
1638496235069 1.6253826599341556 0
1638496260925 1.6215470293194902 0
1638496286868 1.626216511311225 0
1638496312813 1.621571160203961 0
1638496338698 1.6251524724670228 0
1638496364643 1.6175661281125326 0
1638496390705 1.6181998836881484 0
1638496417174 1.6172790882728647 0
1638496443478 1.6172984557909622 0
1638496469710 1.6205217355197454 0
1638496495707 1.62089013198387 0
1638496521794 1.611776044936834 0
1638496547661 1.6127065815956538 0
1638496573457 1.620440903298089 0
1638496599314 1.6058290180138763 0
1638496625163 1.610064640751368 0
1638496651120 1.6091410351861364 0
1638496677012 1.6132081327138947 0
1638496702899 1.6064338524100652 0
1638496728826 1.6101686647958886 0
1638496754775 1.608543883856346 0
1638496780680 1.6125739544922542 0
1638496806575 1.6092410100513237 0
1638496832509 1.609351164657695 0
1638496858354 1.60436781611015 0
1638496884252 1.6157734405428394 0
1638496910122 1.6122704640464212 0
1638496936058 1.609803556682752 0
1638496961901 1.611350670086559 0
1638496987761 1.6135560279058252 0
1638497013868 1.6057493246355559 0
1638497039798 1.60846625951666 0
1638497065847 1.604732691891541 0
1638497091655 1.6087896468239604 0
1638497117719 1.6151185293421024 0
1638497143638 1.6125166326794105 0
1638497169460 1.611548806093498 0
1638497195414 1.6067922650213164 0
1638497221227 1.6066230378111381 0
1638497247094 1.6072667632409872 0
1638497272900 1.6058507545211498 0
1638497298891 1.6133998996240537 0
1638497324797 1.6118055261717463 0
1638497350593 1.602659606809918 0
1638497376411 1.6051141194950604 0
1638497402279 1.6077491286079872 0
1638497428267 1.6073702731473716 0
1638497454152 1.61083888191394 0
1638497479972 1.6120501907729297 0
1638497505765 1.6029879619990464 0
1638497531566 1.6045335490361383 0
1638497557474 1.6144743338018541 0
1638497583273 1.6091461367671498 0
1638497609142 1.6108986310267484 0
1638497635043 1.5959542370877615 0
1638497660958 1.612110993808588 0
1638497686888 1.6057449045127323 0
1638497712876 1.603231256127558 0
1638497738753 1.604871922903447 0
1638497764606 1.5984932566278593 0
1638497790537 1.609671763654391 0
1638497816399 1.6061929534818202 0
1638497842271 1.607310847783008 0
1638497868104 1.6049657927671754 0
1638497893998 1.6032315022230885 0
1638497919875 1.6021241131395438 0
1638497945735 1.6046704222564874 0
1638497971576 1.6081618036559242 0
1638497997446 1.6027131633441212 0
1638498023419 1.5960304580923383 0
