1638822355725 0.7277340108259565 1
1638822674197 0.803821321994583 2
1638823088592 0.8118654437836884 3
1638823447583 0.8207649636130802 4
1638823822814 0.8260418608698542 5
1638824207932 0.8255710423337241 6
1638824587616 0.830994779043804 7
1638824937892 0.8337573419416571 8
1638825276545 0.836971494503793 9
1638825653198 0.8403458884685715 10
1638825995708 0.8386863695403745 11
1638826358707 0.8420595981482136 12
1638826709445 0.8407456180952877 13
1638827239501 0.8442318897715883 14
1638827922792 0.848803141902637 15
1638828586442 0.8465067359753427 16
1638829102811 0.8466931987360033 17
1638829703083 0.8483119289309993 18
1638830303961 0.8520149636130802 19
1638830901315 0.8517982006072998 20
1638831493849 0.8537682966689844 21
1638832087615 0.8546161196824443 22
1638832683857 0.8527206088077126 23
1638833279298 0.8544535474281091 24
1638833873999 0.8581192895856207 25
1638834467482 0.8549773913587448 26
1638835061950 0.856080435397308 27
1638835657578 0.8571642504262097 28
1638836252913 0.85815658211019 29
1638836848169 0.8571496829821196 30
1638837442785 0.8587911383265016 31
1638838040909 0.860415695512915 32
1638838640233 0.8598038644459896 33
1638839232892 0.8608130943568456 34
1638839829004 0.8624807709903386 35
1638840425690 0.8629649916136196 36
1638841022573 0.8612477857253455 37
1638841619405 0.8613911290389265 38
1638842213331 0.86397189074169 39
1638842809415 0.8647701845692761 40
1638843405528 0.865962381101068 41
1638844005024 0.8646583069266611 42
1638844606147 0.8648098079455381 43
1638845202883 0.866464665308164 44
