1638822355718 0.920246983064857 1
1638822674191 0.6353672873974493 2
1638823088587 0.6122916667303073 3
1638823447578 0.5881759572059709 4
1638823822809 0.5699275796377697 5
1638824207927 0.5647010330474989 6
1638824587611 0.5462058324680643 7
1638824937885 0.5499262467565638 8
1638825276539 0.5360119546524351 9
1638825653192 0.5269156939189128 10
1638825995701 0.5310660711367191 11
1638826358702 0.5179377026678323 12
1638826709438 0.5275450774576903 13
1638827239495 0.5145476857490769 14
1638827922788 0.49665378687102807 15
1638828586438 0.5121433262426233 16
1638829102805 0.5129489238359846 17
1638829703078 0.4965303990580072 18
1638830303954 0.49441752843673925 19
1638830901309 0.4946118687491838 20
1638831493843 0.48473409640829324 21
1638832087609 0.4873097649286731 22
1638832683851 0.4913400013957843 23
1638833279291 0.4890470444646527 24
1638833873992 0.47442316885727254 25
1638834467477 0.4783509506110046 26
1638835061944 0.4752170523137707 27
1638835657573 0.47792413311221654 28
1638836252908 0.47353218381946593 29
1638836848165 0.4781854847176385 30
1638837442780 0.47249265210954333 31
1638838040904 0.4715566835598738 32
1638838640228 0.4702487454804873 33
1638839232886 0.4656014846254085 34
1638839828998 0.45569961816910076 35
1638840425684 0.4643581553366872 36
1638841022567 0.4680021563526185 37
1638841619399 0.4658415666607228 38
1638842213326 0.46664999467399604 39
1638842809408 0.46251947324984455 40
1638843405523 0.4535932814477872 41
1638844005017 0.46015191519239074 42
1638844606141 0.45489337412492287 43
1638845202877 0.4511245227354319 44
